1	1	0	0	0	1	1	0	470	22	1	.	1	71	61
1	2	0	0	1	1	1	0	345	16	1	.	.	62	60
1	4	0	0	1	1	1	0	1819	68	1	0	1	70	68
1	5	0	1	1	1	1	0	935	35	1	0	1	54	58
1	6	0	0	0	1	1	0	626	28	1	.	.	73	63
1	7	0	0	0	1	1	0	524	26	1	.	.	74	77
1	8	0	0	0	1	1	0	651	29	1	.	.	84	85
1	9	0	0	0	0	1	0	42	3	0	0	1	.	.
2	10	0	0	0	0	0	1	534	25	1	1	1	57	49
2	11	0	0	0	0	0	1	568	28	1	1	1	43	38
2	12	0	0	0	1	0	1	601	34	1	1	1	24.5	34.5
2	13	0	0	0	0	0	1	539	26	1	1	1	.	.
3	14	0	0	0	1	1	1	460	23	1	1	1	59	45
4	15	0	0	0	0	0	0	139	9	1	0	0	22	22
5	16	0	0	0	0	0	0	123	.	1	0	0	49.5	30
5	17	0	0	0	0	0	0	160	.	1	0	0	24.5	44.5
5	18	0	0	0	0	0	0	229	.	1	0	0	57	52
5	19	0	0	0	0	0	0	255	.	1	0	0	39	48
5	20	0	0	0	0	0	0	395	.	1	0	0	46	32
6	21	0	0	0	1	0	0	302	.	0	.	1	42	32
7	22	0	0	0	1	0	0	273	.	0	0	0	57	32
8	23	0	0	0	0	0	0	189	.	0	0	0	62	47
9	24	0	0	0	0	1	0	230	12	1	1	1	42	52
9	27	0	0	0	0	1	0	313	14	1	1	1	57	57
10	28	0	0	0	0	0	0	100	8	1	0	0	47	32
11	29	0	0	0	0	0	0	514	30	1	0	0	12	16
11	30	0	0	0	1	0	0	283	18	1	0	0	13	30
11	31	0	0	0	0	0	0	297	19	1	0	0	24.5	24.5
12	32	0	0	0	0	0	0	131	7	1	0	0	57	77
12	33	0	0	0	1	0	0	83	1	0	0	0	32	22
12	34	0	0	0	1	0	0	124	3	1	0	0	75	75
12	35	0	0	0	0	0	0	148	8	1	0	0	44.5	64.5
13	36	0	0	0	1	1	0	86	.	0	0	0	52	32
14	37	0	0	0	0	0	0	555	.	1	0	0	68	67
15	38	0	0	0	0	0	0	232	.	1	1	1	42	37
16	39	0	0	0	0	0	0	767	.	0	0	0	79	76
17	40	0	0	0	0	0	0	282	.	0	0	0	67	57
17	41	0	0	0	0	0	0	16	.	0	0	0	75	75
18	42	0	0	0	0	0	0	179	.	0	0	0	57	47
18	43	0	0	0	0	0	0	119	.	0	0	0	69.5	69.5
19	44	0	0	0	0	0	0	85	.	1	1	1	15	24.5
20	45	0	0	0	1	0	1	254	.	1	1	1	44.5	44.5
21	46	0	0	0	0	0	0	173	.	0	0	0	54.5	54.5
22	47	0	0	0	1	0	1	225	.	1	1	1	17	17
22	48	0	0	0	1	1	0	66	.	1	1	1	24.5	24.5
23	49	1	0	0	0	0	0	357	.	1	1	1	27	27
24	50	0	1	0	0	0	0	678	.	0	0	0	68	51
25	52	0	0	0	0	0	0	488	.	0	0	0	68	60
26	53	0	0	0	0	0	0	63	.	1	1	1	24.5	34.5
27	54	0	0	0	0	0	0	840	.	0	0	0	81	71
28	55	0	1	1	1	0	0	147	.	0	0	0	24.5	24.5
29	56	0	0	0	1	0	0	93	.	0	1	1	30	30
30	57	0	0	0	0	0	0	736	.	0	0	0	59	62
30	58	0	0	0	0	0	0	538	.	0	0	0	65	73
30	59	0	0	0	0	0	0	716	.	0	0	0	66	70
30	60	0	0	0	1	0	0	995	.	0	0	0	61	64
31	61	0	0	0	0	0	0	32	.	1	0	0	.	.
32	62	0	0	0	0	0	0	107	.	0	0	0	74.5	44.5
32	63	0	0	0	0	0	0	187	.	0	0	0	82	67
33	64	0	0	0	0	0	0	149	.	0	0	0	97.5	87
34	65	0	0	1	1	1	0	438	.	0	0	0	74	67
35	66	0	0	0	0	0	0	246	.	0	0	0	92	77
36	67	0	0	0	0	0	0	251	.	0	0	0	97.5	77
36	68	0	0	0	0	0	0	225	.	0	0	0	92	67
37	69	0	0	0	0	1	1	296	.	0	.	1	.	.
37	70	0	0	0	0	1	1	330	.	0	.	1	59	58
37	71	0	0	0	0	1	1	337	.	0	0	1	59	56
37	72	0	0	0	0	1	1	391	.	0	0	1	57	37
38	73	0	0	0	0	0	0	398	.	0	1	1	63	54
39	74	0	1	1	1	0	0	45	.	1	1	1	24.5	24.5
40	75	0	0	0	1	0	0	154	.	1	0	0	30	10
40	76	0	0	0	1	0	0	54	.	0	0	0	24.5	24.5
41	77	0	0	0	0	0	0	346	.	1	1	1	17	17
41	78	0	0	0	0	0	0	86	.	1	1	1	24.5	24.5
42	79	0	0	1	0	1	0	388	.	1	1	1	63	57
43	80	0	0	0	1	0	0	526	25	1	1	1	54.5	44.5
43	81	0	0	1	1	0	1	1152	58	1	1	1	37	32
43	82	0	0	0	0	0	0	164	3	1	1	1	24.5	5
44	83	0	0	0	0	0	0	149	.	1	0	0	10	10
44	84	0	0	0	0	0	0	100	.	1	0	0	30	10
44	85	0	0	0	0	0	0	142	.	1	0	0	10	24.5
44	86	0	0	0	0	0	0	125	.	1	0	0	10	24.5
44	87	0	0	0	0	0	0	89	.	1	0	0	10	10
44	88	0	0	0	0	0	0	75	.	1	0	0	10	10
45	91	0	0	0	0	0	0	151	.	0	1	1	54.5	44.5
46	92	0	0	0	0	0	0	150	.	1	1	1	42	27
47	93	0	0	0	0	0	0	452	.	1	1	1	50	44
48	94	0	0	0	0	0	0	219	.	0	.	1	67	57
49	95	0	0	0	1	0	1	91	.	1	0	0	10	10
50	96	0	0	0	1	0	0	93	.	1	0	0	10	10
51	97	0	0	0	1	0	0	197	.	0	0	0	72	57
52	98	0	1	0	1	1	0	644	.	0	0	0	68	66
53	99	0	0	0	1	0	0	298	.	0	.	1	51	42
54	100	0	0	1	0	0	0	72	.	0	0	0	10	10
55	101	0	1	1	0	0	0	584	.	1	1	1	69	76
56	102	1	1	1	1	0	0	374	.	1	0	0	20	18
60	112	0	0	0	0	0	0	313	.	0	0	0	77	77
61	113	0	0	0	0	0	0	5	.	0	0	0	.	.
61	114	0	0	0	0	0	0	448	.	0	0	0	12	7.5
62	115	0	0	0	0	0	0	247	.	0	0	0	17	17
62	116	0	0	0	0	0	0	4	.	0	0	0	75	75
63	118	0	0	0	0	0	0	313	.	1	1	1	17	12
64	119	0	0	0	0	1	0	341	.	0	0	0	71	66
65	120	0	0	0	0	1	0	510	.	0	0	1	76	76
65	121	0	0	0	1	1	1	2218	.	0	0	1	55	63
65	122	0	0	0	0	1	0	636	.	0	1	1	56	62
65	124	0	1	0	0	1	0	473	.	0	0	1	66	70
65	125	0	1	0	0	1	0	369	.	0	1	1	52	52
65	126	0	1	1	1	1	1	2064	.	0	1	1	51	55
65	127	0	0	0	0	1	0	124	.	0	1	1	57	57
65	128	0	0	1	1	1	1	1393	.	0	0	1	57	57
65	129	0	0	0	0	1	0	111	.	0	0	1	67	62
66	130	0	0	0	0	0	0	78	.	0	0	0	30	30
67	131	0	0	0	0	0	0	232	.	0	0	0	82	67
69	145	0	0	0	0	0	0	166	.	0	0	0	34.5	34.5
70	146	0	0	0	1	0	0	341	.	1	1	1	31	12
71	147	0	0	0	0	0	0	82	.	0	0	0	10	24.5
73	149	0	0	0	1	1	0	13	.	0	0	0	.	.
73	150	0	0	0	1	1	0	80	.	0	0	0	74.5	95
75	152	0	0	0	0	0	0	165	.	0	0	0	57	52
76	153	0	0	0	1	0	0	296	.	1	1	1	37	37
76	154	0	0	0	0	0	0	164	.	1	1	1	22	12
77	155	0	0	0	0	0	0	191	.	1	1	1	42	47
77	156	0	0	0	0	0	0	162	.	0	1	1	37	42
77	157	0	0	0	0	0	0	197	.	0	1	1	47	37
77	158	0	0	0	0	0	0	209	.	0	1	1	57	57
79	161	0	0	0	0	0	0	773	.	0	0	0	83	85
80	162	0	0	0	0	0	0	502	.	1	.	1	76	67
81	163	0	0	0	0	0	0	116	.	1	0	0	64.5	54.5
82	164	0	0	0	1	0	0	112	.	1	1	1	24.5	15
83	165	0	0	0	0	0	0	29	.	0	1	1	.	.
84	166	0	0	0	0	0	0	97	.	1	0	0	10	10
85	167	0	0	0	1	0	0	126	.	1	0	0	15	15
85	168	0	0	0	0	0	0	315	.	1	0	0	22	47
86	169	0	0	0	0	0	0	161	.	1	0	0	82	87
86	170	0	0	0	0	0	0	88	.	1	0	0	30	10
87	171	0	0	0	0	0	0	157	.	1	1	1	12	17
88	172	0	0	0	0	0	0	115	.	0	0	1	30	10
89	173	0	0	0	0	0	0	73	.	1	0	0	24.5	24.5
90	174	0	0	0	1	0	0	581	.	0	.	1	38	33
90	175	0	0	0	0	0	0	119	.	1	1	1	.	.
91	176	0	0	0	1	0	0	117	.	0	0	0	10	24.5
92	177	0	0	0	0	0	0	20	.	0	0	0	24.5	24.5
93	178	0	0	0	0	1	0	14	2	0	0	0	24.5	.
93	179	0	0	0	0	1	1	7	1	0	0	0	.	.
93	180	0	0	0	1	0	0	48	4	0	0	0	10	10
93	181	0	0	0	0	0	0	56	3	1	0	0	24.5	24.5
94	182	0	0	0	0	1	0	34	.	1	0	0	30	10
95	183	0	0	0	0	0	0	211	.	0	0	0	82	72
96	184	0	0	0	0	0	0	405	.	0	0	0	82	76
97	185	0	0	0	0	1	0	193	.	0	0	0	47	42
97	186	0	0	0	0	1	0	145	.	0	0	0	52	42
98	187	0	0	0	0	1	0	426	.	1	1	1	53	44
99	188	0	0	0	1	0	0	700	.	1	0	0	19	18
100	189	0	0	0	0	0	0	211	.	0	0	0	62	77
101	190	0	0	0	0	0	0	19	.	0	0	0	.	.
102	191	0	0	0	0	0	0	321	.	1	1	1	28	36
102	192	0	0	0	0	0	0	237	.	1	1	1	37	47
103	193	0	0	0	0	0	0	556	.	1	1	1	32	38
103	194	0	0	0	0	0	0	510	.	1	1	1	43	33
103	195	0	0	0	0	0	0	429	.	1	0	1	34	32
106	212	0	0	0	1	0	0	97	.	0	1	1	10	10
107	213	0	0	0	1	0	0	147	.	0	0	0	54.5	54.5
107	214	0	0	0	0	0	0	271	.	0	0	0	60	36
107	215	0	0	0	0	0	0	280	.	0	0	0	57	57
108	216	0	0	0	0	0	0	249	.	0	0	0	12	12
109	217	0	0	0	1	0	0	284	.	0	0	0	52	47
111	219	0	0	0	0	0	0	181	.	0	1	1	27	22
112	220	0	0	0	0	0	0	87	.	1	1	1	27	22
112	221	0	0	0	0	0	0	110	.	1	1	1	69.5	49.5
113	222	0	0	0	0	0	0	96	.	0	0	0	52	42
114	223	0	0	0	1	0	0	221	.	0	0	0	84.5	95
115	224	0	0	0	1	0	0	552	28	1	1	1	55	61
115	225	0	0	0	1	0	0	338	22	1	1	1	75	75
115	226	0	0	0	1	0	0	280	15	1	1	1	44	44
115	227	0	0	0	0	0	0	16	1	1	.	.	24.5	24.5
115	228	0	0	0	0	0	0	7	0	0	0	1	.	.
116	229	0	0	0	1	0	0	112	.	1	1	1	22	32
117	230	0	0	0	1	0	0	27	.	0	0	0	10	10
118	231	0	1	0	0	0	0	242	.	0	0	0	77	67
119	232	0	0	0	0	0	0	881	.	1	0	0	49	67
120	233	0	0	0	0	0	0	357	.	1	1	1	5	5
120	234	0	0	0	0	0	0	72	.	0	1	1	15	5
120	235	0	0	0	0	0	0	164	.	1	1	1	27	17
120	236	0	0	0	0	0	0	53	.	1	1	1	5	5
121	237	0	0	0	0	0	0	283	.	1	1	1	12	12
122	238	0	0	0	0	0	0	664	.	1	0	0	63	62
123	239	1	1	1	1	1	0	670	.	0	0	0	70	68
124	240	0	0	0	0	0	0	160	.	1	1	1	7.5	2.5
125	241	0	0	0	0	0	0	248	.	1	0	0	57	57
126	242	0	0	0	0	0	0	585	.	1	1	1	40	39
127	243	0	0	1	1	0	0	194	.	0	0	0	67	47
128	244	0	0	0	1	1	0	461	.	0	0	0	84	79
129	245	0	0	0	0	0	0	300	.	1	0	0	42	32
130	246	0	0	0	0	0	0	340	.	1	0	0	52	37
131	247	0	0	0	0	0	0	225	.	0	0	0	57	42
132	248	0	0	0	0	0	0	1115	.	1	1	1	28	21
133	249	0	0	0	1	1	0	1799	.	1	0	0	66	55
133	250	0	0	0	1	1	0	650	.	1	0	0	72	72
134	251	0	0	0	0	0	0	147	.	1	1	1	5	5
135	252	0	0	0	1	0	0	306	.	1	1	1	17	17
135	253	0	0	0	0	0	0	541	.	1	1	1	23	27
136	254	0	0	0	0	0	0	273	.	1	1	1	27	32
136	255	0	0	0	0	0	0	87	.	1	.	.	24.5	24.5
136	256	0	0	0	0	0	0	135	.	1	.	.	57	42
137	257	1	0	0	1	0	0	76	.	1	0	0	30	69.5
137	258	0	0	0	1	0	0	336	.	1	0	0	57	58
138	259	0	0	0	1	0	0	145	.	1	0	0	75	24.5
138	260	0	0	0	1	0	0	17	.	0	0	0	.	.
139	261	0	1	1	1	1	0	685	.	1	0	0	57	45
140	262	0	0	0	0	0	0	93	.	0	0	0	42	42
141	263	0	0	0	0	1	0	547	.	1	0	0	8	6
142	264	0	0	0	1	1	0	655	.	0	0	0	17	12
143	265	0	0	0	0	0	0	26	.	0	0	0	49.5	30
144	266	0	0	0	0	0	0	52	.	0	0	0	44.5	15
145	267	0	0	0	0	0	0	87	.	0	1	1	24.5	24.5
146	268	0	0	0	0	0	0	24	.	0	1	1	24.5	24.5
147	269	0	0	0	0	0	0	789	.	1	1	1	66	64
149	272	0	0	0	0	0	0	151	.	1	1	1	10	24.5
150	273	0	0	0	0	0	0	56	.	0	1	1	69.5	49.5
151	274	0	0	0	1	0	0	107	.	0	1	1	10	10
152	275	0	0	0	0	0	0	28	.	0	0	0	24.5	24.5
153	276	0	0	0	0	0	0	256	.	1	1	1	57	62
154	277	0	0	0	1	0	0	475	.	1	0	0	38	43
155	278	0	0	1	1	1	0	511	.	0	1	1	74	72
156	279	0	1	0	0	0	0	940	.	1	1	1	25	28
156	280	0	0	0	0	0	0	611	.	1	1	1	24	28
156	281	0	0	0	0	0	0	291	.	1	1	1	32	22
157	282	0	0	0	0	0	0	254	.	1	0	1	17	27
158	283	0	0	0	0	0	0	56	.	0	0	0	49.5	10
159	284	0	1	1	0	0	1	234	.	1	1	1	15	15
160	285	0	0	0	0	0	0	658	.	1	1	1	38	34
161	286	0	0	0	0	0	0	136	11	1	0	0	27	17
161	287	0	0	0	0	0	1	633	33	1	0	0	17	11
161	288	0	0	0	0	0	0	156	8	1	0	0	.	.
161	289	0	0	0	0	0	0	760	34	1	0	0	52	60
161	290	0	0	0	1	1	1	894	48	1	0	0	17	22
161	291	0	0	0	1	0	0	784	33	1	0	0	38	35
161	292	0	0	0	0	0	0	616	27	1	0	0	30	27
161	293	0	0	0	0	0	0	508	29	1	0	0	23	18
161	294	0	0	0	1	0	1	678	30	1	0	0	38	32
161	295	0	0	0	1	0	0	448	22	1	0	0	44	36
161	296	0	0	0	1	0	1	1041	41	1	0	0	39	42
165	300	0	0	0	0	0	0	348	.	0	1	1	22	17
166	302	0	0	0	1	0	0	496	.	1	1	1	61	41
167	303	0	0	0	0	0	0	116	.	0	0	0	24.5	24.5
167	304	0	0	0	1	0	0	75	.	0	0	0	24.5	24.5
167	305	0	0	0	1	0	0	29	.	0	0	0	.	.
167	306	0	0	0	1	0	0	121	.	0	0	0	34.5	24.5
167	307	0	0	0	1	0	0	52	.	0	0	0	.	.
167	308	0	0	0	0	0	0	222	.	0	0	0	24.5	24.5
167	309	0	0	0	1	0	0	65	.	0	0	0	30	30
168	310	0	0	0	1	1	0	20	3	0	0	1	24.5	24.5
168	311	0	0	0	1	1	0	42	3	0	.	1	10	10
170	319	0	0	0	0	1	0	278	.	0	0	0	77	57
171	320	0	0	0	1	0	0	241	.	1	1	1	22	32
172	321	0	0	0	0	0	0	318	.	1	1	1	55	44
172	322	0	0	0	0	0	0	120	.	1	1	1	.	.
173	324	0	0	0	1	0	0	22	.	0	0	0	10	10
173	.	0	0	0	.	.	.	.	.	.	.	.	.	.
174	325	0	0	0	0	0	0	172	.	0	0	0	10	10
175	326	0	0	0	0	0	0	326	.	0	0	0	67	47
176	327	0	0	0	0	1	0	749	.	1	1	1	47	52
177	328	0	1	0	1	0	1	753	.	0	0	0	41	30
177	329	0	1	0	0	0	0	240	.	0	0	0	42	37
177	330	0	0	0	0	0	0	126	.	0	0	0	74.5	64.5
178	331	0	0	0	0	0	0	64	.	0	0	0	74.5	64.5
179	332	0	0	0	1	1	0	4220	.	0	0	0	36	29
180	333	0	0	0	1	0	0	402	.	0	0	0	27	12
181	334	0	0	0	0	0	0	97	.	1	0	0	.	.
182	335	0	0	0	0	0	0	305	.	1	1	1	52	67
183	336	0	0	0	1	1	0	1028	.	1	1	1	61	57
185	344	0	0	0	0	0	0	139	.	1	1	1	37	22
185	345	0	0	0	0	0	0	59	.	1	1	1	32	32
186	346	0	0	0	0	0	0	11	.	0	0	0	.	.
191	390	0	0	0	0	1	0	161	.	1	1	1	32	37
192	391	0	0	0	1	0	0	68	.	1	1	1	15	5
193	392	0	0	1	0	0	0	223	.	1	1	1	15	15
194	393	0	0	1	1	0	1	470	.	1	1	1	12	12
195	394	0	0	0	0	0	0	491	.	1	1	1	12	7.5
196	395	0	0	0	0	0	1	438	.	1	1	1	27	27
197	396	0	0	0	0	0	0	251	.	1	0	0	12	17
198	397	0	0	0	0	0	0	161	.	1	1	1	15	5
199	398	0	0	0	0	0	0	270	.	0	0	0	87	87
200	399	0	0	0	1	0	0	733	.	1	1	1	38	40
200	400	0	0	0	1	0	0	845	.	1	1	1	40	45
200	401	0	0	0	0	0	0	400	.	1	1	1	18	17
201	402	0	0	0	0	0	0	76	.	0	1	1	30	24.5
202	403	0	0	0	1	0	0	118	.	0	1	1	30	30
202	404	0	0	0	1	0	0	83	.	0	1	1	30	49.5
203	405	1	0	1	0	0	0	336	.	0	0	0	52	32
204	406	0	0	0	1	0	0	141	.	1	0	0	15	15
204	407	0	0	0	1	0	0	106	.	1	0	0	24.5	24.5
205	408	0	0	0	0	0	0	455	.	1	0	0	68	69
206	409	0	0	0	0	0	0	116	.	1	1	1	44.5	44.5
207	410	0	0	0	0	0	0	103	.	1	1	1	24.5	24.5
207	411	0	0	0	0	0	0	182	.	1	1	1	22	17
207	412	0	0	0	0	0	0	111	.	1	1	1	12	12
207	413	0	0	0	0	0	0	108	.	1	1	1	37	22
208	414	0	0	0	0	0	0	347	.	1	1	1	48	44
209	415	0	0	0	0	0	0	245	.	1	1	1	26	35
210	416	0	0	0	0	0	0	73	.	1	1	1	42	32
211	417	0	0	0	0	0	0	201	.	0	1	1	37	22
211	418	0	0	0	0	0	0	7	.	0	0	1	.	.
212	419	0	0	0	1	0	0	125	.	1	1	1	30	5
214	421	0	0	0	0	0	0	186	.	1	1	1	22	12
215	422	0	0	0	0	0	1	275	.	1	1	1	17	12
216	423	0	0	0	0	0	0	321	.	1	0	0	12	7.5
217	424	0	0	0	0	0	0	67	.	1	1	1	10	24.5
218	425	0	0	1	0	0	1	162	.	1	0	0	15	15
219	426	0	0	0	1	0	0	428	.	1	0	0	12	17
221	428	0	0	0	0	0	0	23	.	0	0	0	.	.
222	429	0	0	0	0	1	0	10	.	1	0	0	24.5	24.5
223	430	0	0	0	0	0	0	94	.	0	0	0	10	10
224	431	0	0	0	0	0	0	230	.	1	1	1	52	62
224	432	0	0	0	0	0	0	269	.	1	.	1	62	72
224	433	0	0	0	0	0	0	165	.	1	1	1	47	47
224	434	0	0	0	0	0	0	47	.	0	.	1	44.5	15
225	435	0	0	0	0	0	0	121	.	1	1	1	64.5	44.5
226	436	0	0	0	0	0	0	172	.	1	1	1	62	52
227	437	0	0	0	0	0	0	158	.	0	.	1	77	62
228	438	0	0	0	0	0	0	194	.	1	1	1	47	42
229	439	0	0	0	0	0	0	252	.	1	1	1	27	17
229	440	0	0	0	0	0	0	258	.	1	1	1	32	27
230	441	0	0	0	1	0	0	17	.	0	1	1	.	.
231	442	0	0	0	1	0	0	82	.	0	1	1	22	32
232	443	0	0	0	1	0	0	186	.	1	0	0	15	5
233	444	0	0	0	0	0	0	544	.	1	0	0	75	64
234	445	0	0	0	1	0	0	183	.	1	1	1	44.5	54.5
234	446	0	0	0	0	0	0	72	.	0	0	1	52	42
234	447	0	0	0	0	0	0	73	.	1	1	1	52	42
235	448	0	0	0	1	.	0	151	.	1	0	0	72	52
236	449	0	0	1	0	0	0	402	.	1	0	0	53	52
236	450	0	0	1	0	0	0	123	.	1	0	0	67	72
237	451	0	0	0	1	0	0	115	.	0	1	1	30	10
238	452	0	0	0	0	0	0	394	.	1	.	1	52	50
240	455	0	0	0	0	0	0	444	.	1	0	0	67	62
241	456	0	0	0	0	1	0	8	0	0	0	0	.	.
242	457	0	0	0	1	0	1	11	.	0	0	0	.	.
242	458	0	0	0	1	0	0	29	.	1	0	0	.	.
243	459	0	0	0	0	0	0	178	.	0	0	0	15	24.5
244	460	0	0	0	0	0	0	749	.	1	.	1	65	66
245	461	0	0	1	0	0	0	670	.	1	1	1	48	51
246	462	0	0	0	0	0	0	144	.	0	0	0	69.5	69.5
247	463	0	0	0	1	0	0	2196	.	0	1	1	48	27
248	464	0	0	0	0	0	0	462	.	0	1	1	36	40
249	465	0	0	1	1	0	0	3632	.	0	0	0	43	25
249	466	0	0	0	1	0	0	965	.	0	0	0	23	16
250	467	0	0	0	0	0	0	792	.	1	1	1	23	21
251	468	0	0	0	0	0	0	194	.	0	1	1	37	22
252	469	0	1	1	1	0	0	728	.	0	0	0	72	73
253	470	0	0	0	0	0	0	372	.	1	.	1	47	44
254	471	0	0	1	0	0	0	132	.	1	1	1	42	42
255	472	0	0	0	1	1	0	254	.	1	1	1	32	32
256	473	0	0	0	0	0	0	422	.	1	1	1	25	27
257	474	0	0	0	0	0	0	264	.	1	1	1	.	.
258	475	0	0	1	0	0	0	396	.	1	1	1	37	47
259	476	0	0	0	0	0	0	53	.	0	0	0	49.5	30
260	477	1	0	1	1	1	1	1761	90	1	1	1	43	54
260	478	1	1	1	1	1	1	2287	106	1	0	1	59	60
260	479	1	0	1	1	1	1	1695	80	1	1	1	37	57
260	480	0	1	1	1	1	1	2023	88	1	0	1	52	55
266	487	0	0	0	0	1	1	10	.	0	0	0	24.5	24.5
270	491	1	1	1	1	1	0	264	.	0	1	1	2.5	2.5
270	494	0	0	0	0	1	0	40	.	0	1	1	10	10
270	496	0	0	0	1	1	0	71	.	0	1	1	5	15
271	503	0	0	0	0	0	0	158	8	1	1	1	37	47
271	504	0	0	0	0	0	0	0	.	0	.	.	.	.
272	505	0	1	0	0	0	1	324	8	1	0	0	27	27
272	506	0	1	1	0	0	1	119	10	1	0	0	.	.
273	507	0	0	0	1	1	0	794	44	1	0	0	27	31
273	508	0	0	0	1	1	0	895	35	1	0	0	21	22
273	509	0	0	1	1	1	0	1133	52	1	0	0	37	37
273	510	0	0	0	1	1	0	827	40	1	0	0	22	22
273	511	0	0	0	1	1	0	1052	49	1	0	0	19	19
273	512	1	1	0	1	1	0	805	40	1	0	0	20	18
273	513	0	0	0	1	1	0	765	40	1	0	0	31	34
273	514	0	0	0	1	1	0	724	38	1	0	0	20	25
273	515	0	1	1	1	1	0	1102	50	1	0	0	.	.
273	516	0	0	0	1	0	0	710	29	1	0	0	82	89
273	517	1	1	1	1	1	0	1257	53	1	0	0	.	.
273	518	0	0	0	1	1	0	731	42	1	0	0	28	35
273	519	0	0	1	1	1	0	603	27	1	0	0	21	24
273	520	0	1	1	1	1	0	1148	51	1	0	0	27	30
274	523	0	1	0	1	0	0	1148	.	0	0	0	91	93
276	525	0	0	0	0	0	0	382	.	1	.	1	52	62
276	526	0	0	1	0	0	0	460	.	1	.	1	40	43
279	540	0	0	0	0	0	1	170	.	1	1	1	69.5	69.5
281	596	0	0	0	0	0	0	76	.	0	0	0	57	32
282	597	0	0	0	0	0	1	498	.	1	1	1	17	22
283	598	0	1	0	0	0	1	428	.	1	1	1	32	37
284	599	0	0	0	1	0	0	113	.	0	0	0	.	.
284	600	0	0	0	1	0	0	460	.	0	0	0	12	7.5
285	601	0	0	0	1	0	0	144	.	0	0	0	.	.
286	602	0	0	0	1	0	0	67	.	0	0	0	.	.
287	603	0	0	0	0	0	0	60	5	0	0	0	74.5	54.5
289	605	0	1	0	0	1	0	320	.	1	1	1	32	17
290	606	0	0	0	0	0	0	224	.	0	0	0	15	15
290	607	0	0	0	0	0	0	39	.	0	0	0	30	10
291	609	0	0	0	1	0	0	229	.	0	0	0	15	5
291	610	0	0	0	1	0	0	217	.	0	0	0	42	37
292	611	0	0	0	0	0	0	269	.	1	1	1	47	27
293	612	0	0	0	0	0	0	394	.	1	0	1	71	75
293	613	0	0	0	0	0	0	104	.	1	1	1	67	67
293	614	0	0	0	0	0	0	278	.	1	0	1	62	52
294	616	0	0	0	1	0	0	58	.	1	0	0	5	5
294	617	0	0	0	1	0	0	33	.	1	0	0	24.5	10
295	618	0	0	0	0	0	0	225	.	1	1	1	7.5	2.5
296	620	0	0	0	0	0	0	73	.	1	0	0	34.5	24.5
296	621	0	0	0	0	0	0	834	.	1	0	0	46	47
297	622	0	0	0	0	0	0	38	.	1	0	0	10	10
298	623	0	0	0	0	0	0	194	.	1	1	1	42	27
298	624	0	0	0	0	0	0	180	.	1	1	1	74.5	54.5
299	625	1	1	0	1	0	0	712	.	0	0	0	65	67
300	626	0	0	0	0	0	0	152	.	0	1	1	10	10
301	627	1	0	1	1	1	0	768	44	1	1	1	24	17
301	628	0	0	1	1	1	0	887	50	1	1	1	51	48
301	629	0	0	0	0	0	0	296	23	1	1	1	42	42
301	630	0	0	0	0	0	0	386	31	1	1	1	25	27
301	631	0	1	1	0	1	0	397	28	1	1	1	42	37
301	632	0	0	1	0	1	0	373	26	1	1	1	27	12
301	633	0	1	0	0	1	0	625	42	1	1	1	31	27
301	634	0	0	1	1	0	0	662	34	1	0	1	53	50
301	635	0	0	0	0	1	0	451	30	1	1	1	57	59
301	636	0	0	0	0	1	0	76	.	1	1	1	10	10
301	637	0	1	0	0	1	0	516	29	1	0	1	74	64
301	638	0	0	1	1	1	1	1206	70	1	1	1	22	17
301	639	0	0	0	1	1	1	1565	77	1	0	1	62	62
301	640	0	1	0	1	1	0	1212	66	1	0	1	62	60
301	641	0	0	1	0	1	0	366	23	1	1	1	62	57
301	642	0	0	0	0	0	0	443	32	1	1	1	39	40
301	643	0	0	1	0	1	0	466	28	1	0	1	62	57
301	644	0	0	1	1	1	0	481	27	1	1	1	33	27
301	645	0	0	0	0	1	0	397	24	1	0	1	72	75
301	646	0	0	0	1	1	1	1717	77	1	0	1	60	57
301	648	0	0	0	1	0	0	39	0	0	0	1	24.5	24.5
301	649	0	0	0	0	1	0	316	16	1	.	.	77	72
302	650	0	0	0	1	1	0	195	13	1	1	1	24.5	24.5
302	651	0	0	0	0	0	0	25	0	1	.	.	.	.
303	652	0	0	0	0	1	0	1100	.	0	.	1	68	71
304	653	1	0	0	1	1	0	1756	.	0	0	0	63	56
304	654	0	0	0	0	1	0	1619	.	0	0	0	64	58
305	655	0	0	0	0	0	0	829	.	0	0	0	74	81
306	656	0	0	0	0	0	0	120	.	1	0	0	27	22
307	657	0	0	0	0	0	0	8	0	0	0	0	.	.
308	658	0	0	0	0	0	0	110	.	1	0	0	24.5	24.5
311	715	0	0	0	0	0	0	396	.	1	1	1	25	22
312	716	0	0	0	0	0	0	419	.	0	0	0	47	42
312	717	0	0	0	0	0	0	95	.	0	0	0	.	.
313	718	0	0	0	0	0	0	181	.	1	1	1	22	26
314	719	1	1	1	0	0	0	555	.	0	0	0	62	64
315	720	0	0	0	1	0	0	536	.	0	0	0	80	82
316	721	0	0	0	1	0	0	538	.	0	0	0	76	74
319	724	0	1	0	0	0	0	673	.	1	1	1	39	39
320	725	0	0	0	1	0	0	364	.	1	1	1	47	52
322	727	0	0	0	0	0	0	624	.	1	1	1	39	33
324	729	0	0	0	0	0	0	77	.	1	1	1	17	17
325	730	0	0	0	1	0	0	488	.	1	0	0	23	15
326	731	0	0	0	1	0	0	346	.	1	.	1	47	47
327	732	0	0	0	0	0	0	75	.	0	0	0	49.5	49.5
329	.	0	0	0	.	.	.	.	.	.	.	.	.	.
330	744	0	0	0	0	0	0	292	.	1	0	0	50	52
331	745	0	0	0	1	0	0	793	.	0	0	0	54	46
332	746	0	0	0	0	0	0	350	.	1	0	0	32	22
334	748	0	0	0	0	0	0	506	.	1	0	0	72	79
336	750	0	0	0	1	0	0	528	.	1	1	1	50	51
337	751	0	0	0	0	0	0	639	.	1	1	1	52	54
338	752	0	0	0	1	.	0	90	.	0	0	0	84.5	74.5
339	753	0	0	0	1	0	0	365	.	1	1	1	42	62
341	755	0	0	0	0	0	0	173	.	1	1	1	12	12
342	756	0	0	0	0	0	0	340	.	1	1	1	20	20
343	757	0	0	0	1	0	0	277	.	1	1	1	17	22
344	758	0	0	0	0	0	0	163	.	1	0	0	25	32
345	759	0	0	0	0	0	0	193	.	1	1	1	27	17
346	760	0	1	1	1	0	0	626	30	1	0	0	25	27
346	761	1	0	0	1	1	0	708	39	1	0	0	34	32
346	763	0	0	0	1	0	0	.	47	1	0	0	42	37
346	764	0	0	1	1	1	0	714	36	1	0	0	38	34
346	765	0	0	1	1	1	0	491	26	1	0	0	41	37
346	767	0	0	0	0	0	0	13	0	0	0	0	.	.
348	769	0	0	0	0	0	0	197	.	1	1	1	17	22
349	770	0	0	0	0	1	0	288	.	1	1	1	42	44
351	780	0	0	0	0	0	0	225	.	1	1	1	37	37
352	781	0	0	0	0	0	0	85	.	1	0	0	22	22
352	782	0	0	0	0	0	0	519	.	1	0	0	50	45
353	783	0	0	0	0	0	0	587	.	1	0	0	37	41
354	784	0	0	0	0	0	0	145	.	1	1	1	57	57
355	785	0	0	0	0	0	0	591	.	0	0	0	45	47
355	786	0	0	0	0	0	0	640	.	0	0	0	68	56
355	787	0	0	0	1	0	0	1297	.	0	0	0	51	44
355	788	0	0	0	0	0	0	485	.	0	0	0	55	50
356	789	0	0	0	0	0	0	155	.	1	1	1	2.5	7.5
357	790	0	0	0	1	0	0	223	.	1	1	1	37	42
358	791	0	0	1	0	0	0	441	.	1	.	1	43	27
358	792	0	0	0	0	0	0	428	.	1	1	1	51	31
359	793	0	0	1	0	0	0	646	.	1	0	0	79	84
359	794	0	0	0	0	0	0	196	.	1	0	0	77	57
360	795	0	0	1	1	0	0	159	.	1	0	0	47	52
361	796	0	0	0	1	0	0	164	.	1	1	1	42	42
362	103	0	0	0	.	.	.	.	.	.	.	.	.	.
362	108	0	0	0	.	.	.	.	.	.	.	.	.	.
362	109	0	0	0	.	.	.	.	.	.	.	.	.	.
362	104	0	0	0	.	.	.	.	.	.	.	.	.	.
362	107	0	0	0	.	.	.	.	.	.	.	.	.	.
362	105	0	0	0	.	.	.	.	.	.	.	.	.	.
362	106	0	0	0	.	.	.	.	.	.	.	.	.	.
363	797	0	0	0	1	0	0	6	.	1	1	1	24.5	24.5
364	798	0	0	1	0	0	0	119	.	1	1	1	22	17
365	799	0	0	0	0	0	0	123	.	0	1	1	10	10
365	800	0	0	0	0	0	0	689	.	0	1	1	17	22
366	801	0	0	0	0	0	0	61	.	1	1	1	10	10
367	802	0	0	0	1	0	0	552	.	0	0	0	93	93
368	803	0	0	1	0	0	0	795	.	0	0	0	77	75
369	804	0	0	0	1	0	0	161	.	0	0	0	47	27
370	805	0	0	0	1	0	0	162	.	1	1	1	5	5
371	806	0	0	0	0	0	0	279	.	1	0	0	37	47
372	807	0	0	1	0	0	0	297	.	1	1	1	52	44.5
373	808	0	0	0	0	0	0	668	.	1	1	1	48	51
374	809	0	0	0	0	1	0	29	.	1	0	0	30	30
375	810	0	0	0	1	1	0	73	.	0	0	0	15	10
375	811	0	0	0	1	1	0	64	.	0	0	0	24.5	24.5
376	812	0	0	0	0	0	0	400	.	0	0	0	77	92
377	813	0	0	0	1	0	0	831	.	0	0	0	88	90
378	814	0	0	1	1	0	0	951	.	0	0	0	91	95
379	815	0	0	0	1	0	0	631	.	0	0	0	84	84
380	816	0	0	0	0	0	1	536	.	0	0	0	70	74
381	817	0	0	0	0	0	0	539	.	0	0	0	71	72
382	818	0	0	0	0	0	0	532	.	0	0	0	78	87
383	819	0	0	0	0	0	0	236	.	0	0	0	64.5	64.5
384	820	0	0	0	0	0	0	346	.	0	0	0	12	2.5
385	821	0	0	0	0	0	0	262	12	1	1	1	32	37
386	822	0	0	0	0	0	0	399	.	0	0	0	84	83
387	823	0	0	0	0	1	0	1192	.	0	.	1	73	68
388	824	0	1	1	1	0	0	787	.	0	0	0	90	92
389	825	0	0	0	0	0	0	117	.	0	1	1	47	22
390	826	0	0	0	0	0	0	356	.	1	1	1	50	36
391	828	0	0	0	0	0	0	228	.	1	1	1	28	15
392	829	0	0	0	0	1	0	1281	.	0	1	1	67	71
393	830	0	0	0	0	0	0	122	.	1	0	0	54.5	34.5
394	831	1	1	0	0	0	0	204	.	1	1	1	27	27
395	832	0	0	0	0	0	0	597	.	0	0	0	72	72
396	833	0	0	0	0	0	0	736	.	0	0	0	69	59
397	834	0	0	0	1	0	0	266	.	1	1	1	67	62
398	835	0	0	0	0	0	0	275	.	1	1	1	32	32
399	836	0	0	0	0	0	0	48	.	0	0	0	10	10
400	837	0	0	0	0	1	0	1133	.	0	.	1	77	74
401	838	0	0	0	1	0	1	369	.	0	0	0	72	77
402	839	0	0	0	1	0	0	379	.	1	1	1	47	62
403	840	0	0	0	1	0	1	266	.	0	0	0	72	77
404	841	0	0	0	1	0	0	395	.	0	0	0	71	68
405	842	1	1	1	0	0	0	109	.	1	1	1	49.5	30
406	843	0	0	0	1	0	0	592	.	1	1	1	48	28
407	844	0	0	0	1	0	0	525	.	1	0	0	51	46
408	845	0	0	0	0	0	0	520	.	0	0	0	74	79
409	846	1	1	1	0	0	0	287	.	0	0	0	62	52
410	847	0	0	0	0	1	0	151	.	0	0	0	32	27
411	848	0	0	0	0	0	0	19	1	1	1	1	24.5	24.5
412	849	0	0	0	0	1	0	1053	.	0	1	1	51	41
413	850	0	0	0	0	0	0	110	.	1	0	0	10	10
414	851	0	0	0	0	0	0	811	.	0	0	0	58	62
416	853	0	1	0	0	0	0	486	.	1	1	1	33	41
417	854	0	0	0	0	0	0	212	.	1	0	0	27	22
418	855	0	0	0	0	0	0	351	.	1	1	1	21	42
418	856	0	0	0	0	0	0	290	.	1	1	1	28	24
419	857	0	0	0	1	0	0	960	.	0	0	0	84	88
420	858	0	0	0	0	0	0	168	.	0	0	0	74.5	84.5
421	859	0	0	0	1	0	0	321	.	1	0	0	15	5
422	860	0	0	1	0	0	0	898	.	0	0	0	71	76
423	861	0	1	0	0	0	0	50	.	1	1	1	24.5	24.5
425	863	0	0	0	1	0	1	295	.	0	0	0	72	67
426	864	0	0	0	0	0	0	371	.	1	0	0	35	25
427	865	0	1	0	0	0	0	520	.	0	0	0	67	66
428	866	0	0	0	0	0	0	299	.	1	1	1	62	62
428	867	0	0	0	0	0	0	42	.	1	1	1	49.5	49.5
429	868	0	0	0	0	0	0	534	.	0	0	0	76	80
430	869	0	0	0	0	0	0	78	.	1	0	0	24.5	24.5
431	870	0	0	0	1	0	0	346	.	1	1	1	39	44
432	871	0	0	0	0	0	0	46	.	1	1	1	32	43
433	873	0	0	0	0	1	0	1087	.	0	1	1	64	59
434	874	0	0	0	0	0	0	152	.	1	1	1	32	37
435	875	0	0	0	0	0	0	172	.	1	1	1	22	12
436	876	1	0	0	1	0	0	566	.	1	1	1	47	53
437	877	0	0	1	1	0	0	769	.	0	0	0	82	91
438	878	0	0	0	1	0	0	622	.	0	0	0	84	86
439	879	0	0	0	0	1	0	1040	.	0	.	1	76	75
440	880	0	0	0	1	0	0	444	.	0	0	0	66	69
441	881	0	0	0	1	0	0	30	.	0	0	0	84.5	64.5
442	882	0	0	0	1	0	0	756	.	0	0	0	78	83
443	883	0	0	0	0	1	0	1034	.	1	1	1	51	39
444	884	0	0	0	0	0	0	731	.	0	0	0	88	87
445	885	0	0	0	0	0	0	61	.	1	1	1	5	5
447	887	0	0	0	1	1	0	445	.	1	1	1	82	77
448	888	0	0	0	0	0	0	104	4	1	1	1	72	82
448	889	0	0	0	0	0	0	60	3	0	1	1	75	75
448	890	0	0	0	0	0	0	58	2	0	1	1	62	52
449	891	0	0	0	0	0	0	474	.	0	0	0	68	65
450	892	0	0	0	1	0	0	180	.	1	1	1	32	47
451	893	0	0	0	0	0	0	106	.	0	1	1	5	15
451	894	0	0	0	0	0	0	71	.	0	.	.	32	32
452	895	0	0	0	0	0	0	79	.	1	1	1	34.5	34.5
453	896	0	0	0	0	0	0	157	.	1	1	1	.	.
454	897	0	0	0	0	0	0	333	.	1	1	1	27	37
456	899	0	0	0	0	0	0	77	.	0	0	0	69.5	69.5
457	900	0	1	1	0	0	0	366	.	0	0	0	55	54
459	911	0	0	0	1	1	0	821	.	0	0	0	85	70
460	912	0	0	0	0	0	0	397	.	0	0	0	49	40
462	914	0	0	1	1	0	0	527	.	1	0	0	35	34
463	915	1	1	0	0	0	0	673	.	0	0	0	83	83
464	916	0	1	0	0	0	0	444	.	0	0	0	47	42
465	917	0	0	0	0	1	0	1142	.	0	.	1	69	67
466	918	0	0	0	0	1	0	435	.	1	1	1	40	33
467	919	0	1	0	0	0	0	493	.	0	0	0	61	79
470	922	0	0	0	0	1	0	1797	.	0	.	1	71	68
471	923	0	0	0	0	1	0	316	.	1	1	1	37	42
473	925	0	0	0	0	0	0	464	.	0	0	0	87	95
474	926	0	0	0	0	0	0	550	.	0	0	0	92	82
475	927	0	0	0	0	0	0	114	.	1	0	0	17	7.5
476	928	0	1	0	0	0	0	53	.	1	0	0	24.5	24.5
477	929	0	1	0	0	0	0	807	.	1	1	1	32	30
478	930	0	1	1	0	0	0	217	.	0	0	0	79	90
479	931	0	1	1	0	0	0	296	.	1	1	1	27	27
480	932	0	0	0	0	0	0	623	.	0	0	0	74	75
481	933	0	1	1	0	0	0	1033	.	0	0	0	63	61
481	934	0	0	0	0	0	0	530	.	0	0	0	72	75
481	935	0	0	0	0	0	0	456	.	0	0	0	60	41
481	936	0	0	0	0	0	0	21	.	0	0	0	54.5	34.5
482	939	0	0	0	0	0	0	92	.	1	0	0	31	29
483	940	0	0	0	1	0	0	144	.	1	0	0	32	27
484	941	0	0	0	1	0	0	149	.	0	0	0	64.5	64.5
485	942	0	0	0	0	1	0	1038	.	0	1	1	73	67
486	943	0	0	0	1	0	0	351	.	0	0	0	32	17
487	944	0	0	0	0	0	0	66	.	0	0	0	15	15
488	945	0	0	0	0	1	0	361	.	0	.	1	66	64
489	946	0	0	0	0	0	0	141	.	1	0	0	7.5	12
490	947	0	0	0	0	0	0	525	.	1	1	1	32	31
491	948	0	0	0	0	1	0	563	.	0	1	1	66	58
492	949	0	0	0	0	1	0	93	.	1	0	0	69.5	69.5
493	950	0	0	0	0	0	0	197	.	1	0	0	.	.
494	951	0	0	0	0	0	0	577	.	0	0	0	90	90
496	953	0	0	0	1	0	0	852	46	1	1	1	32	41
496	954	0	0	0	1	1	0	285	14	1	1	1	.	.
496	955	0	0	0	1	0	0	510	20	1	1	1	25	19
496	956	0	0	0	1	1	0	454	27	1	1	1	57	62
496	957	0	0	0	1	0	0	696	35	1	1	1	35	38
496	958	0	0	0	1	1	0	728	34	1	1	1	48	52
496	959	0	0	0	1	1	0	502	24	1	1	1	48	57
496	960	0	0	0	1	0	0	1021	40	1	1	1	53	52
496	961	0	0	0	1	1	0	432	17	1	1	1	21	22
497	962	0	0	0	0	0	0	201	.	1	0	0	64.5	54.5
499	964	0	0	0	0	0	0	627	.	0	0	0	86	89
500	965	0	0	0	0	0	0	162	.	1	0	0	32	27
501	966	0	0	0	0	0	0	38	.	0	0	0	67	64.5
502	967	0	0	0	1	1	0	75	.	1	0	0	.	.
504	969	0	0	0	0	0	0	201	.	1	0	0	22	27
505	970	0	0	0	0	0	0	41	.	0	0	0	75	75
506	971	0	0	0	0	0	0	6	.	0	0	0	.	.
507	972	0	0	0	0	0	0	17	.	1	0	0	24.5	24.5
513	978	0	0	0	1	1	0	209	13	1	1	1	47	32
513	979	0	0	0	1	1	0	202	14	1	0	1	22	32
514	980	0	0	0	0	1	0	937	49	1	1	1	20	23
514	981	0	0	0	0	1	0	452	30	1	1	1	34	32
514	982	0	0	0	0	1	0	513	31	1	1	1	31	28
514	983	0	0	0	0	1	0	384	24	1	1	1	22	31
514	984	0	0	0	0	0	0	13	0	1	.	.	.	.
515	985	0	0	0	0	0	0	305	13	1	1	1	27	32
516	986	0	0	0	0	0	0	111	11	1	1	1	15	10
517	987	0	0	0	1	0	0	281	18	1	1	1	30	10
517	988	0	0	0	0	0	0	190	12	1	1	1	27	27
517	989	0	0	0	0	0	0	214	13	1	1	1	32	37
518	991	0	0	0	0	0	0	11	1	0	0	0	24.5	24.5
519	992	0	0	0	1	0	0	86	10	1	0	0	54.5	44.5
520	993	0	0	0	0	1	0	21	3	1	0	0	30	30
521	994	0	0	0	0	1	0	39	3	1	0	0	30	10
521	995	0	0	0	0	1	0	22	1	1	0	0	.	.
522	996	0	0	0	1	1	0	751	36	1	0	0	35	31
522	997	0	0	0	0	1	0	801	43	1	0	0	17	16
522	998	0	0	0	1	1	0	705	34	1	0	0	37	41
522	999	0	0	0	1	1	0	441	21	1	0	0	40	32
522	1000	0	0	1	1	1	0	740	33	1	0	0	30	19
522	1001	0	0	0	1	1	0	756	33	1	0	0	20	12
522	1002	0	0	0	1	1	0	702	32	1	0	0	23	18
523	1003	0	0	0	1	1	1	1486	67	1	0	0	29	42
523	1004	1	1	1	1	1	1	1066	46	1	0	0	48	62
523	1005	0	1	1	1	1	1	1461	67	1	0	0	32	52
524	1007	0	0	0	1	1	0	406	24	1	1	1	29	23
524	1008	0	0	0	1	1	0	774	37	1	1	1	42	44
524	1009	0	0	0	1	1	0	480	26	1	1	1	41	38
524	1010	0	0	0	1	1	0	2148	90	1	0	1	62	52
524	1011	0	0	0	1	1	0	530	26	1	1	1	63	56
524	1012	0	0	0	1	1	0	375	17	1	1	1	41	40
524	1013	0	0	0	1	1	0	611	27	1	0	1	65	61
524	1014	0	0	0	1	1	0	356	20	1	1	1	58	50
525	1017	0	0	0	1	1	1	436	22	1	1	1	27	27
525	1018	0	0	0	1	1	0	489	29	1	1	1	.	.
525	1019	0	0	0	1	1	0	454	26	1	1	1	27	30
525	1020	0	0	0	1	1	0	555	23	1	1	1	37	30
525	1021	0	0	0	1	1	1	486	22	1	1	1	25	24
525	1022	0	0	0	1	1	0	356	19	1	1	1	32	32
526	1023	0	0	0	1	1	1	628	35	1	1	1	33	25
526	1024	0	0	0	1	0	0	474	28	1	1	1	30	30
526	1025	0	0	0	1	0	0	359	17	1	1	1	30	30
526	1026	0	0	0	1	0	0	23	2	1	1	1	24.5	24.5
526	1027	0	0	0	1	0	0	17	1	1	1	1	10	10
527	1028	0	0	0	0	1	0	131	10	1	1	1	37	27
528	1029	0	1	0	0	1	0	751	40	1	0	0	24	23
528	1030	0	0	0	0	0	0	1192	50	1	0	0	22	21
528	1031	0	0	0	1	0	0	1056	52	1	0	0	23	16
528	1032	0	0	0	1	1	0	1249	59	1	0	0	24	24
528	1033	0	0	0	1	1	0	1094	54	1	0	0	26	28
528	1034	0	0	0	0	1	0	728	34	1	0	0	31	35
528	1035	0	0	0	0	1	0	727	35	1	0	0	44	50
528	1036	0	0	0	0	1	0	650	36	1	0	0	28	22
528	1037	0	0	0	0	1	0	759	38	1	0	0	35	35
528	1038	0	0	0	0	1	0	571	31	1	0	0	31	32
528	1039	0	0	0	0	1	0	843	49	1	0	0	28	30
528	1040	0	0	0	1	1	0	877	44	1	0	0	27	26
528	1041	0	0	0	0	0	0	824	57	1	0	0	33	40
528	1042	0	0	0	0	1	0	734	35	1	0	0	55	80
528	1043	0	0	0	0	1	0	165	18	1	0	0	.	.
528	1044	0	0	0	0	1	0	789	38	1	0	0	40	44
528	1047	1	0	0	1	0	0	687	36	1	0	0	35	37
528	1048	0	0	0	0	1	0	1262	57	1	0	0	23	21
528	1049	0	0	0	0	0	0	705	36	1	0	0	38	40
528	1050	0	0	0	1	1	0	855	41	1	0	0	18	11
528	1051	0	0	0	0	1	0	732	33	1	0	0	32	33
529	1052	0	0	1	0	0	0	615	29	1	1	1	20	15
529	1053	1	1	1	0	1	0	428	22	1	1	1	17	17
529	1054	0	0	0	0	1	0	408	17	1	1	1	31	25
529	1055	0	0	1	0	1	0	436	20	1	1	1	27	31
529	1056	0	0	0	0	1	0	472	21	1	1	1	32	22
529	1057	0	0	0	0	1	0	446	23	1	1	1	25	22
529	1058	0	0	0	0	1	0	484	20	1	1	1	42	32
529	1059	1	0	1	0	1	0	485	23	1	1	1	33	27
529	1060	0	1	1	0	0	0	895	41	1	1	1	31	24
529	1061	0	0	0	0	0	0	534	22	1	1	1	53	50
529	1062	0	0	0	0	1	0	702	30	1	1	1	41	39
529	1063	0	1	1	0	0	0	882	38	1	1	1	39	36
529	1064	0	0	0	0	1	0	119	3	0	0	1	.	.
530	1065	0	0	0	1	1	0	1777	73	1	1	1	34	29
530	1067	0	0	0	1	1	0	1585	64	1	1	1	26	29
531	1068	0	0	1	1	1	0	1703	78	1	0	1	77	82
531	1069	0	0	1	1	1	0	675	25	1	0	1	66	67
531	1070	0	0	0	1	1	0	572	34	1	.	1	78	81
531	1071	0	0	0	1	1	0	548	31	1	.	1	73	62
531	1072	0	0	0	1	1	0	592	33	1	0	1	81	70
531	1073	0	0	0	1	1	0	425	22	1	.	1	78	69
531	1074	0	1	1	1	1	0	649	23	1	0	1	58	55
531	1075	0	0	0	0	1	0	128	11	0	0	1	.	.
532	1076	0	1	0	1	1	0	118	10	1	1	1	7.5	12
533	1079	0	1	1	1	1	0	624	40	1	0	0	38	29
533	1080	0	0	0	1	1	1	3220	156	1	0	0	49	51
533	1081	0	0	0	1	1	1	519	36	1	0	0	31	31
533	1082	0	0	0	1	0	0	632	40	1	0	0	32	34
533	1083	0	0	0	1	0	0	727	39	1	0	0	40	40
533	1084	0	1	0	1	1	1	670	35	1	0	0	95	95
533	1085	0	0	0	1	1	1	871	50	1	0	0	34	33
533	1086	0	0	0	1	1	0	665	42	1	0	0	43	36
533	1087	0	0	0	0	1	0	596	38	1	0	0	26	18
533	1088	0	0	0	1	1	1	795	43	1	0	0	64	65
533	1089	0	0	0	1	1	1	569	33	1	0	0	41	27
533	1090	0	0	0	1	1	0	585	31	1	0	0	53	54
533	1091	0	0	0	0	0	0	487	34	1	0	0	44	39
533	1092	0	0	0	1	0	0	723	34	1	0	0	76	73
533	1093	0	1	1	1	1	1	859	45	1	0	0	34	26
533	1094	0	0	0	1	0	0	878	44	1	0	0	63	59
533	1095	0	0	0	1	1	1	1312	61	1	0	0	50	49
533	1096	0	0	0	1	1	0	572	41	1	0	0	35	23
533	1097	0	0	0	0	1	0	868	47	1	0	0	62	55
533	1098	0	1	1	1	1	1	3788	189	1	0	0	65	73
533	1100	0	0	0	1	1	0	687	41	1	0	0	66	58
533	1101	0	0	0	1	1	0	776	44	1	0	0	64	62
533	1102	1	0	0	1	1	1	2593	131	1	0	0	77	79
533	1103	0	0	0	1	1	1	1301	62	1	0	0	53	54
533	1104	0	0	0	1	1	0	653	35	1	0	0	68	79
533	1105	0	0	0	0	0	0	795	44	1	0	0	57	55
533	1106	0	0	0	1	0	0	695	39	1	0	0	62	55
533	1107	0	1	1	1	0	1	1060	49	1	0	0	52	56
533	1108	0	0	0	1	1	0	679	40	1	0	0	78	74
533	1109	0	0	0	1	1	0	779	46	1	0	0	72	73
533	1110	0	0	0	0	1	0	806	43	1	0	0	76	71
533	1111	0	0	0	1	1	0	827	41	1	0	0	88	88
533	1112	0	0	0	1	1	1	3393	165	1	0	0	60	66
533	1113	0	0	0	1	1	1	769	39	1	0	0	94	95
533	1114	0	1	0	1	1	0	947	48	1	0	0	71	68
533	1115	0	0	0	0	1	0	902	47	1	0	0	67	59
533	1117	0	0	0	1	0	0	977	52	1	0	0	68	70
533	1118	0	0	0	1	1	0	999	51	1	0	0	70	65
533	1119	0	0	0	1	1	0	626	28	1	0	0	93	96
533	1120	0	0	0	1	0	0	149	4	0	0	0	70	70
533	1121	0	0	0	1	1	0	796	45	1	0	0	72	71
533	1122	0	1	0	1	1	0	958	51	1	0	0	64	54
533	1123	0	0	0	1	1	1	2294	115	1	0	0	53	55
534	1124	1	0	0	1	0	0	475	31	1	1	1	42	44
534	1125	0	0	0	0	0	0	307	20	1	1	1	22	27
534	1126	0	0	0	1	0	0	1074	65	1	1	1	22	27
534	1127	0	0	0	1	0	0	388	22	1	1	1	19	29
534	1128	0	1	0	1	0	0	482	25	1	1	1	17	23
534	1129	0	0	0	1	0	0	404	25	1	1	1	39	46
534	1131	0	0	0	1	0	0	415	25	1	1	1	32	35
535	1132	0	0	0	1	1	0	70	9	1	0	0	44.5	54.5
536	1133	1	1	0	1	1	0	154	14	1	1	1	37	17
537	1134	0	0	0	0	0	0	99	10	1	1	1	57	62
538	1135	0	0	1	0	1	1	576	33	1	0	0	42	46
539	1136	0	0	0	1	1	0	488	31	1	0	0	10	10
539	1137	0	0	1	0	1	0	687	30	1	0	0	19	16
539	1140	0	0	0	1	1	0	336	14	1	0	0	11	11
539	1141	0	0	0	0	1	0	403	21	1	0	0	21	17
539	1142	0	0	0	0	0	0	141	6	1	0	0	5	5
540	1143	0	0	0	0	1	0	235	12	1	1	1	44	35
540	1144	0	0	0	0	1	0	428	21	1	1	1	.	.
540	1145	0	0	0	0	1	0	446	25	1	1	1	.	.
540	1146	0	0	0	0	1	0	407	23	1	1	1	.	.
540	1147	0	0	0	0	1	0	504	24	1	1	1	52	42
541	1151	0	0	0	1	1	0	748	34	1	1	1	36	30
541	1152	0	0	0	1	1	0	414	19	1	1	1	36	44
541	1153	0	0	0	1	1	0	552	24	1	1	1	40	35
541	1154	0	0	0	1	1	0	536	30	1	1	1	36	28
541	1155	0	0	0	1	1	0	523	24	1	1	1	48	40
541	1156	0	0	0	1	1	0	347	21	1	1	1	29	24
541	1157	0	0	0	0	1	0	669	32	1	1	1	34	38
541	1158	0	0	0	1	1	0	656	30	1	1	1	39	42
541	1159	0	0	0	1	1	0	441	24	1	1	1	37	37
541	1160	0	0	0	1	1	0	592	27	1	1	1	50	48
541	1161	0	0	0	0	0	0	99	6	0	0	1	.	.
541	1162	0	0	0	1	1	0	407	15	1	.	.	75	70
541	1163	0	0	0	0	0	0	7	1	0	.	.	24.5	24.5
542	1164	1	1	1	0	1	1	647	34	1	0	0	10	12
542	1165	0	1	1	0	1	1	563	30	1	0	0	19	19
542	1166	1	1	1	0	1	1	588	30	1	0	0	19	12
542	1167	0	0	0	0	1	1	798	43	1	0	0	30	28
542	1168	1	1	1	0	1	1	913	54	1	0	0	21	25
542	1169	0	1	1	0	1	1	589	28	1	0	0	60	43
542	1170	0	1	1	0	1	1	480	25	1	0	0	21	23
542	1171	0	0	0	0	1	1	725	33	1	0	0	17	13
542	1173	0	0	0	0	1	1	765	39	1	0	0	23	23
543	1174	0	0	0	0	0	0	4	0	0	0	0	.	.
544	1175	0	0	0	0	0	1	84	3	1	0	0	24.5	75
544	1176	0	0	0	0	0	0	.	.	.	.	.	.	.
545	1177	0	0	0	0	0	0	44	4	0	1	1	30	49.5
546	1179	0	0	1	1	1	0	505	20	1	1	1	31	21
546	1180	0	0	0	0	1	0	320	15	1	1	1	37	42
546	1181	0	0	1	1	1	0	1434	67	1	1	1	24.5	15
546	1182	0	0	1	0	1	0	386	18	1	1	1	31	34
546	1183	0	0	0	0	1	0	155	9	1	1	1	32	47
546	1184	0	0	0	0	1	0	228	12	1	1	1	32	22
546	1185	0	1	1	0	1	0	449	17	1	1	1	53	46
546	1186	1	1	1	1	1	0	390	18	1	1	1	18	18
547	1188	0	0	0	0	0	0	241	14	1	0	0	37	32
547	1189	0	0	0	0	0	0	94	8	1	0	0	24.5	24.5
548	1191	0	1	1	0	1	0	916	46	1	1	1	37	40
548	1192	0	0	0	1	1	0	1642	71	1	1	1	47	52
548	1193	0	1	1	0	1	0	774	39	1	1	1	25	23
548	1194	0	0	1	0	1	0	774	34	1	.	.	39	42
548	1195	0	1	1	0	1	0	850	46	1	1	1	39	35
548	1196	0	0	0	0	1	0	597	34	1	1	1	41	35
548	1197	0	0	0	0	1	0	690	39	1	1	1	39	36
548	1198	0	0	1	0	1	0	656	36	1	1	1	37	32
548	.	0	0	0	.	.	.	.	.	.	.	.	.	.
548	1199	0	1	1	0	1	0	1155	50	1	0	1	57	54
548	1200	0	0	1	0	1	0	840	40	1	1	1	30	32
548	1201	0	0	0	0	1	0	1119	50	1	0	1	54	51
548	1202	0	1	1	0	1	0	839	42	1	0	1	53	50
548	1203	0	0	0	0	1	0	823	38	1	0	1	52	57
548	1204	0	0	1	0	1	0	688	34	1	1	1	35	36
548	1205	0	1	1	0	1	0	867	42	1	0	1	48	41
548	1206	0	0	0	1	1	0	2592	111	1	1	1	41	45
548	1207	0	1	1	0	1	0	876	44	1	0	1	55	49
548	1208	0	0	0	0	1	0	905	44	1	0	1	66	62
548	1209	0	1	1	0	1	0	844	46	1	1	1	26	24
548	1210	0	0	1	1	1	0	2181	105	1	0	1	49	48
548	1211	0	0	0	0	1	0	679	32	1	1	1	40	34
548	1212	0	0	1	0	1	0	824	38	1	0	1	59	53
548	1213	0	0	0	1	1	0	1799	74	1	0	1	52	52
548	1214	0	0	0	0	0	0	65	0	0	0	1	58	64
549	1215	0	0	1	1	1	0	113	10	1	1	1	77	82
549	1216	0	0	0	1	1	0	83	8	1	1	1	30	10
550	1217	0	0	0	0	0	0	128	8	1	0	0	27	22
551	1218	0	0	0	1	1	0	255	14	1	0	0	.	.
551	1219	0	0	0	1	1	0	291	16	1	0	0	20	21
551	1220	0	0	0	1	1	0	282	16	1	0	0	20	16
552	1222	0	0	0	1	0	0	1382	68	1	0	1	37	47
552	1223	0	0	0	1	0	0	896	45	1	1	1	26	23
552	1224	0	1	1	1	0	0	1496	65	1	0	1	42	47
552	1226	0	0	0	0	0	0	445	28	1	1	1	32	23
552	1227	0	0	0	0	0	0	397	26	1	1	1	32	27
552	1228	0	0	1	0	0	0	167	12	1	1	1	17	22
552	1229	0	0	0	1	0	0	489	32	1	1	1	44	36
552	1230	0	0	0	1	0	0	477	24	1	0	1	75	73
552	1232	0	0	0	1	0	0	453	27	1	1	1	38	30
552	1234	0	1	1	1	0	0	107	13	1	1	1	10	10
552	1235	0	0	0	0	0	0	605	29	1	0	1	47	40
552	1236	0	0	0	1	0	0	585	33	1	1	1	54	42
552	1237	0	0	0	1	0	0	694	41	1	0	1	60	45
552	1239	0	0	0	0	0	0	356	22	1	1	1	42	42
552	1240	0	1	1	1	0	0	1093	58	1	1	1	35	28
552	1241	0	0	0	0	0	0	23	0	0	.	.	24.5	24.5
553	1242	1	1	0	0	1	0	684	34	1	1	1	29	20
553	1243	1	1	0	1	1	0	691	40	1	1	1	42	42
553	1244	1	1	0	0	1	0	677	42	1	1	1	28	22
553	1245	1	1	0	0	1	0	666	34	1	1	1	27	26
553	1246	1	1	1	0	1	0	711	38	1	1	1	35	34
553	1247	1	1	0	0	1	0	818	42	1	1	1	36	27
553	1248	1	1	1	0	1	0	759	38	1	1	1	40	35
553	1249	1	1	1	0	1	0	699	34	1	1	1	21	19
553	1250	1	1	1	1	1	0	594	31	1	1	1	32	27
553	1251	1	1	1	1	1	0	1365	81	1	1	1	30	30
553	1252	1	1	0	1	1	0	45	0	0	0	1	10	10
553	1253	1	0	1	0	1	0	637	39	1	.	.	32	34
554	1256	1	0	1	1	1	0	1610	79	1	1	1	47	47
554	1257	0	0	0	1	1	0	816	42	1	1	1	40	44
554	1258	0	0	0	0	1	0	447	28	1	1	1	36	34
554	1259	0	0	0	0	1	0	382	23	1	1	1	34	29
554	1260	0	0	0	0	1	0	597	31	1	1	1	34	25
554	1261	0	0	0	0	1	0	467	28	1	1	1	59	57
554	1262	0	1	0	0	1	0	380	22	1	1	1	62	62
554	1263	0	0	0	0	1	0	489	27	1	1	1	62	52
554	1264	0	0	0	0	1	0	94	4	1	1	1	5	5
554	1265	0	0	0	0	1	0	86	6	0	0	1	.	.
554	1266	0	0	0	0	0	0	58	0	0	0	1	30	24.5
555	1267	0	0	0	1	1	1	391	22	1	0	1	72	77
555	1269	0	0	0	1	1	1	552	25	1	0	1	52	50
555	1270	0	0	0	1	1	0	358	27	1	.	1	67	57
556	1272	0	0	0	0	1	1	592	32	1	0	0	31	28
556	1273	0	0	1	1	1	1	765	35	1	0	0	27	26
556	1274	0	0	0	0	1	0	552	29	1	0	0	31	24
556	1275	0	0	0	0	0	1	675	31	1	0	0	43	41
556	1276	0	0	0	0	1	1	674	29	1	0	0	35	27
556	1277	0	0	0	0	1	1	620	40	1	0	0	37	35
556	1278	0	1	1	1	1	1	752	35	1	0	0	24	15
557	1279	0	0	0	1	0	0	108	9	1	0	0	27	27
557	1280	0	0	0	1	0	0	84	6	1	0	0	24.5	15
558	1282	0	0	0	1	1	0	295	17	1	0	0	.	.
558	1283	0	0	0	1	1	0	285	22	1	0	0	56	49
558	1284	0	0	0	1	1	0	279	17	1	0	0	63	68
559	1285	0	0	1	0	0	1	267	20	1	0	0	17	27
559	1286	0	0	1	1	0	0	226	20	1	0	0	17	12
559	1287	0	0	0	0	0	0	19	2	1	0	0	.	.
559	1288	0	0	0	0	0	0	92	4	1	0	0	15	24.5
560	1289	0	0	0	1	1	0	506	14	1	1	1	27	35
560	1290	0	0	0	1	1	0	660	17	1	1	1	23	22
560	1291	0	0	0	0	1	0	119	3	0	1	1	.	.
560	1292	0	0	0	1	1	0	623	20	1	1	1	21	21
560	1293	0	0	0	1	1	0	687	21	1	1	1	31	42
560	1294	0	0	0	1	1	0	810	15	1	1	1	32	35
560	1295	0	0	0	1	1	0	457	7	1	1	1	36	27
560	1296	0	0	0	1	1	0	678	21	1	1	1	42	39
560	1297	0	0	0	1	1	0	690	20	1	1	1	44	53
561	1298	0	0	0	1	0	0	253	18	1	0	0	.	.
561	1299	0	0	0	1	0	0	515	32	1	0	0	30	49.5
561	1301	0	0	0	1	0	0	361	14	1	0	0	11	5
561	.	0	0	0	.	.	.	.	.	.	.	.	.	.
562	1302	0	0	0	0	0	0	255	17	1	1	1	17	27
562	1303	0	1	0	1	0	0	178	9	0	1	1	12	12
563	1304	0	1	1	1	1	1	2985	123	1	0	0	69	78
563	1305	0	0	0	0	1	0	513	35	1	0	0	39	37
563	1306	1	1	0	1	1	1	2050	112	1	0	0	56	54
563	1308	0	0	0	0	1	0	926	44	1	0	0	74	77
563	1309	0	0	1	0	1	0	570	36	1	0	0	64	68
563	1310	0	0	0	0	1	0	584	46	1	0	0	64	62
563	1311	0	0	1	1	0	0	900	50	1	0	0	51	61
563	1312	0	0	0	0	1	0	452	37	1	0	0	58	53
563	1313	0	1	0	0	1	0	694	34	1	0	0	67	58
563	1314	0	0	0	0	1	0	454	36	1	0	0	64	62
563	1315	0	0	0	0	1	0	699	35	1	0	0	58	58
563	1316	0	1	0	0	1	0	776	33	1	0	0	87	87
563	1317	0	1	0	0	1	0	641	37	1	0	0	63	55
563	1318	0	0	0	0	1	0	523	36	1	0	0	64	62
563	1319	0	1	1	1	1	0	980	46	1	0	0	30	38
563	1320	0	0	0	0	1	0	522	31	1	0	0	57	54
563	1321	0	0	0	0	1	0	369	38	1	0	0	47	42
563	1322	0	0	0	0	1	0	354	29	1	0	0	51	53
563	1323	0	1	0	0	1	0	524	37	1	0	0	62	55
563	1324	0	0	0	0	1	0	448	32	1	0	0	44	39
563	1325	0	1	1	1	1	0	1209	54	1	0	0	55	52
563	1326	0	1	1	1	1	1	1607	74	1	0	0	52	52
563	1327	0	0	1	0	1	0	542	31	1	0	0	42	43
563	1328	0	0	1	0	1	0	600	34	1	0	0	59	58
563	1329	0	0	0	0	1	0	548	36	1	0	0	71	70
563	1330	0	0	1	0	1	0	592	41	1	0	0	47	38
563	1331	0	0	0	0	1	0	786	44	1	0	0	68	67
563	1332	0	1	1	1	1	0	1234	55	1	0	0	52	38
563	1333	0	0	0	0	1	0	999	57	1	0	0	63	49
563	1334	0	0	1	1	1	1	2626	117	1	0	0	51	51
563	1335	0	1	0	0	1	0	808	53	1	0	0	66	67
563	1336	0	1	1	1	1	0	1006	51	1	0	0	55	59
563	1337	0	1	0	0	1	0	819	45	1	0	0	62	55
563	1338	0	0	0	0	1	0	875	49	1	0	0	71	74
563	1339	0	1	1	1	1	0	236	0	1	0	0	.	.
563	1340	0	0	0	0	1	0	653	31	1	0	0	66	66
563	1341	0	0	1	1	1	0	310	15	0	0	0	85	88
563	1342	0	0	0	1	1	1	1929	87	1	0	0	71	79
563	1343	0	0	0	0	1	0	591	36	1	0	0	62	60
563	1345	0	0	0	0	0	0	64	0	0	0	0	52	57
563	1346	0	0	0	0	0	0	6	0	0	0	0	.	.
564	1347	0	0	1	1	1	0	704	34	1	0	0	39	46
564	1348	0	0	1	1	1	0	706	36	1	0	0	31	28
564	1349	0	0	1	1	1	0	789	35	1	0	0	28	26
564	1350	0	0	1	1	1	0	653	35	1	0	0	30	33
564	1351	0	0	1	1	1	0	798	42	1	0	0	23	21
564	1352	0	0	1	1	1	0	538	26	1	0	0	25	24
564	1353	0	0	1	1	1	0	688	36	1	0	0	28	28
564	1354	0	0	1	1	1	0	741	45	1	0	0	29	35
564	1355	0	0	1	1	1	0	891	38	1	0	0	21	20
564	1356	0	0	1	1	1	0	838	41	1	0	0	40	35
564	1357	0	0	1	1	1	0	681	34	1	0	0	27	37
564	1358	0	0	1	1	1	0	704	38	1	0	0	22	42
564	1359	0	0	1	1	1	0	721	33	1	0	0	28	26
564	1360	0	0	1	1	1	0	555	28	1	0	0	27	37
564	1361	0	0	1	1	1	0	752	37	1	0	0	39	39
564	1362	0	0	0	1	1	0	878	44	1	0	0	31	38
564	1363	0	0	1	1	1	0	888	42	1	0	0	28	36
565	1364	0	0	0	1	1	1	1960	89	1	0	0	45	65
565	1365	0	0	0	1	1	0	1119	60	1	0	0	42	47
565	1366	0	0	0	1	1	1	1773	85	1	0	0	30	47
565	1367	0	0	0	1	1	0	1393	65	1	0	0	67	62
565	1368	0	0	0	1	1	0	1430	76	1	0	0	52	72
565	1369	0	0	0	1	1	0	2066	92	1	0	0	60	69
565	1370	0	0	0	1	1	0	1488	72	1	0	0	59	76
565	1371	0	0	0	1	1	0	1638	79	1	0	0	44	59
565	1372	0	0	0	1	1	1	1959	96	1	0	0	48	55
565	1373	0	0	0	1	0	0	123	10	0	0	0	32	37
565	1374	0	0	0	1	0	0	43	5	0	0	0	62	77
566	1375	0	0	0	1	0	0	477	26	1	0	0	34.5	24.5
566	1376	0	0	0	1	0	0	811	35	1	0	0	31	26
566	1377	0	0	0	0	0	0	313	14	1	0	0	21	17
567	1378	0	0	0	1	0	0	211	14	1	0	0	42	32
567	1379	0	0	0	1	0	0	69	4	1	0	0	24.5	75
568	1380	0	0	0	0	0	0	28	4	1	1	1	69.5	69.5
569	1381	0	0	0	1	1	0	70	8	0	0	0	24.5	24.5
569	1382	0	0	0	1	1	0	185	11	1	0	0	27	22
570	1383	0	0	0	0	1	0	662	36	1	0	1	70	74
570	1384	0	0	0	0	1	0	616	40	1	0	1	65	63
570	1385	0	0	0	0	1	0	788	43	1	.	1	67	73
570	1386	0	0	0	1	1	0	1624	77	1	0	1	64	71
570	1387	0	0	0	0	1	0	548	32	1	.	1	68	72
570	1388	0	0	1	0	1	0	723	40	1	1	1	58	53
570	1389	0	0	1	0	1	0	866	41	1	0	1	73	70
570	1390	0	0	0	0	1	0	876	50	1	0	1	63	62
570	1391	0	0	0	1	1	0	1753	81	1	0	1	60	61
570	1392	0	0	1	0	1	0	850	44	1	0	1	66	66
570	1393	0	0	0	0	1	0	35	15	1	.	.	.	.
570	1394	0	0	1	1	1	0	844	41	1	.	.	58	53
570	1395	0	0	0	1	1	0	1018	46	1	.	.	64	68
570	1396	0	0	0	0	1	0	34	11	1	.	.	.	.
570	1397	0	0	0	0	1	0	708	35	1	0	1	85	89
571	1398	0	0	0	1	0	0	591	42	1	0	0	32	42
571	1399	0	0	0	1	0	0	337	19	1	0	0	29	22
571	1400	0	1	0	1	0	0	290	17	1	0	0	49	39
571	1401	0	0	0	1	0	0	212	18	1	0	0	.	.
571	1402	0	0	0	1	0	0	405	27	1	0	0	27	22
572	1403	0	0	0	0	0	0	81	4	0	0	0	.	.
572	1404	0	0	0	0	0	0	54	4	0	0	0	.	.
572	1409	0	0	0	0	0	0	12	0	0	0	0	.	.
572	1412	0	0	0	0	0	0	328	17	0	0	0	.	.
572	1413	0	0	0	0	0	0	110	8	1	0	0	10	10
572	1414	0	0	0	0	0	0	41	4	1	0	0	15	5
573	1415	0	0	0	1	1	1	1530	69	1	1	1	47	42
573	1416	0	0	1	0	1	0	287	18	1	1	1	54	38
573	1417	0	0	0	0	1	0	432	27	1	1	1	47	40
573	1418	0	0	1	0	1	0	621	34	1	1	1	52	45
573	1419	0	0	0	0	1	0	409	21	1	1	1	39	36
573	1420	0	0	1	0	0	0	791	36	1	1	1	60	64
573	1421	0	0	1	0	1	0	415	22	1	1	1	68	45
573	1422	0	0	1	0	1	0	514	31	1	1	1	38	34
573	1423	0	0	1	0	1	0	576	26	1	1	1	52	40
573	1425	0	0	0	0	1	0	68	3	0	0	1	.	.
574	1426	1	0	0	0	0	0	87	7	1	1	1	37	47
575	1427	0	0	0	1	0	1	163	12	1	0	0	10	10
575	1428	0	0	0	0	0	0	150	9	1	0	0	12	2.5
575	1429	0	0	0	1	0	0	377	31	1	0	0	2.5	7.5
575	1430	0	0	0	0	0	1	.	.	.	.	.	.	.
575	1431	0	0	0	0	0	0	11	0	1	0	0	24.5	24.5
575	1432	0	0	0	0	0	0	39	2	1	0	0	24.5	24.5
575	1433	0	0	0	1	0	0	226	15	1	0	0	24	24
576	1434	0	0	0	1	1	0	672	38	1	0	0	20	16
576	1435	1	1	1	1	1	1	815	40	1	0	0	13	8
576	1436	0	0	0	1	1	0	589	32	1	0	0	25	16
576	1437	0	0	0	1	1	0	583	34	1	0	0	22	22
576	1438	0	0	0	0	1	0	650	38	1	0	0	21	27
576	1439	0	0	0	1	1	0	606	34	1	0	0	15	29
576	1440	0	0	0	1	1	1	1076	56	1	0	0	16	20
576	1441	0	0	1	1	0	0	500	27	1	0	0	25	33
576	1442	0	0	0	0	1	0	137	9	0	0	0	.	.
576	1443	0	0	0	1	1	0	691	34	1	0	0	16	9
576	1444	1	1	1	0	1	0	473	26	1	0	0	33	27
577	1445	0	0	1	1	0	0	728	.	1	0	0	33	30
577	1446	0	0	0	0	1	0	565	27	1	0	0	40	38
577	1447	0	0	1	1	1	0	641	28	1	0	0	34	30
577	1448	0	0	1	1	1	0	1313	52	1	0	0	27	42
577	1449	0	0	0	0	1	0	493	24	1	0	0	48	48
577	1450	0	0	1	1	1	0	523	24	1	0	0	36	35
577	1451	0	0	0	1	0	0	266	13	1	0	0	62	57
578	1452	0	0	0	1	0	0	248	11	1	0	0	67	57
578	1453	0	0	0	1	0	0	104	6	1	0	0	69.5	49.5
578	1454	0	0	0	0	0	0	64	0	0	0	0	47	42
579	1455	0	0	0	1	1	0	582	42	1	0	0	22	27
579	1456	0	0	1	1	1	0	608	39	1	0	0	20	14
579	1457	0	0	0	1	1	0	526	30	1	0	0	23	18
580	1458	0	0	0	0	0	0	73	6	1	1	1	44.5	34.5
581	1459	0	0	0	0	1	0	1013	56	1	0	1	53	47
581	1460	0	0	0	0	1	0	607	37	1	0	1	74	76
581	1461	0	0	0	0	1	0	588	34	1	0	1	57	60
581	1462	0	0	0	0	1	0	629	36	1	1	1	44	36
581	1463	0	0	0	0	1	1	932	52	1	1	1	38	32
581	1464	0	0	0	0	1	0	564	31	1	1	1	72	67
581	1465	0	0	0	0	1	0	615	36	1	0	1	67	70
581	1466	0	0	0	1	1	1	1130	57	1	0	1	64	53
581	1467	0	0	0	0	1	0	709	38	1	0	1	66	65
581	1468	0	0	0	0	1	0	526	29	1	0	1	79	80
581	1469	0	0	0	0	1	0	1073	54	1	0	1	70	70
581	1470	0	0	0	0	1	0	480	33	1	1	1	56	56
581	1471	0	0	0	0	1	0	533	34	1	1	1	38	37
581	1472	0	0	0	0	1	0	711	39	1	0	1	77	79
581	1473	0	0	0	0	1	0	479	29	1	0	1	65	63
581	1474	0	0	0	0	1	0	493	30	1	1	1	65	61
581	1475	0	0	0	1	1	1	828	51	1	0	1	56	52
581	1476	0	0	0	0	1	0	631	31	1	1	1	63	67
581	1477	0	0	0	0	1	0	552	31	1	0	1	58	55
581	1478	0	0	0	0	1	0	466	26	1	0	1	72	77
581	1479	0	0	0	0	1	0	651	38	1	0	1	79	84
581	1480	0	0	0	0	1	0	923	53	1	1	1	43	37
581	1481	0	0	0	0	1	0	547	28	1	0	1	88	86
581	1482	0	0	0	0	1	0	456	27	1	0	1	69	67
581	1483	0	0	0	0	1	0	636	35	1	0	1	57	67
582	1484	0	0	0	0	0	0	380	18	1	1	1	53	64
582	1485	0	0	0	1	0	0	885	38	1	1	1	36	45
582	1486	0	0	0	0	0	0	536	26	1	1	1	54	57
582	1487	0	0	0	0	0	0	632	29	1	0	1	67	68
582	1488	0	0	0	1	0	0	1677	78	1	1	1	27	37
582	1489	0	0	0	0	0	0	390	16	1	1	1	49	57
582	1490	0	0	0	0	0	0	326	16	1	1	1	46	42
582	1492	0	0	0	0	0	0	549	24	1	0	1	63	71
583	1494	0	0	0	1	1	1	746	45	1	1	1	34	33
583	1495	0	0	0	1	1	1	952	47	1	1	1	33	36
583	1496	0	0	0	1	0	1	801	32	1	1	1	84	84
583	1497	0	0	0	1	1	1	779	40	1	1	1	27	24
583	1498	0	0	0	1	1	1	754	40	1	1	1	35	36
583	1499	0	0	0	1	1	1	915	47	1	1	1	39	39
583	1500	0	0	0	1	1	1	1030	48	1	1	1	41	36
583	1501	0	0	0	1	1	1	973	47	1	1	1	35	37
584	1502	0	0	0	1	1	0	548	30	1	0	0	43	46
584	1503	0	0	0	0	1	0	539	30	1	0	0	49	50
584	1504	0	0	0	1	1	0	556	27	1	0	0	26	27
584	1505	0	0	0	0	1	0	656	31	1	0	0	56	59
584	1506	0	0	0	1	1	0	627	32	1	0	0	31	30
584	1507	0	0	0	0	1	0	463	25	1	0	0	41	44
585	1508	0	0	0	0	1	0	925	37	1	0	0	65	57
585	1509	0	1	1	0	1	0	659	29	1	0	0	69	71
585	1510	0	1	1	0	1	0	820	37	1	0	0	64	60
585	1511	0	1	1	0	1	0	994	41	1	0	0	58	60
585	1512	0	0	1	0	1	0	652	32	1	0	0	50	54
585	1513	0	0	0	0	1	0	29	4	0	0	0	30	10
585	1514	0	1	1	0	1	0	993	42	1	0	0	49	45
585	1515	0	1	0	0	0	0	761	32	1	0	0	55	51
585	1516	0	0	0	0	1	0	737	35	1	0	0	56	61
585	1517	0	0	1	0	1	0	841	35	1	0	0	54	61
585	1518	0	1	1	0	1	0	757	35	1	0	0	52	46
585	1519	0	1	0	0	1	0	693	30	1	0	0	69	72
585	1520	0	1	1	0	1	0	827	32	1	0	0	49	46
585	1521	0	1	0	0	1	0	814	34	1	0	0	61	59
585	1525	0	0	0	0	1	0	988	39	1	0	0	63	63
586	1526	0	0	0	0	0	0	191	11	1	0	0	37	32
586	1527	0	0	0	1	0	0	194	10	1	0	0	37	37
587	1528	0	0	0	0	1	0	597	37	1	0	0	21	16
587	1530	0	0	0	0	1	0	910	52	1	0	0	31	27
587	1531	0	0	0	0	1	0	830	49	1	0	0	34	35
587	1532	0	0	0	0	1	0	941	51	1	0	0	32	27
587	1533	0	0	0	0	1	0	964	51	1	0	0	36	25
587	1534	0	0	0	0	1	0	791	45	1	0	0	30	27
587	1535	0	0	0	0	1	0	589	32	1	0	0	30	19
588	1536	0	0	0	0	1	0	461	29	1	0	0	72	77
588	1537	0	0	0	0	1	0	799	38	1	0	0	62	62
588	1538	0	0	0	0	1	0	978	47	1	0	0	53	48
588	1539	0	0	0	0	1	0	365	18	1	0	0	30	28
588	1540	0	0	0	0	1	0	955	43	1	0	0	70	66
588	1541	0	0	0	0	1	0	812	44	1	0	0	50	49
588	1542	0	0	0	0	1	0	575	31	1	0	0	38	51
588	1543	0	0	0	0	1	0	804	33	1	0	0	80	87
589	1544	1	0	1	0	0	0	114	13	1	1	1	47	52
590	1546	0	0	1	0	1	0	307	18	1	1	1	42	32
590	1547	0	0	0	0	1	0	101	6	1	1	1	.	.
590	1548	0	0	0	1	1	1	104	3	0	1	1	22	37
590	1549	0	0	0	1	1	1	222	12	1	1	1	30	49.5
591	1550	0	0	0	1	1	0	517	28	1	1	1	50	52
591	1551	0	0	0	1	1	0	579	45	1	1	1	34	29
591	1552	0	0	0	1	1	1	1091	49	1	1	1	29	32
591	1553	0	0	0	1	1	0	463	29	1	1	1	39	47
591	1554	0	0	0	1	1	1	2077	98	1	1	1	42	47
591	1555	0	0	0	1	1	0	505	30	1	0	1	58	49
591	1557	0	0	0	0	0	0	10	6	0	1	1	.	.
591	1558	0	0	0	1	1	0	309	27	1	1	1	47	47
591	1559	0	0	0	1	1	1	774	35	1	0	1	32	30
591	1560	0	0	0	1	1	0	475	29	1	1	1	50	42
591	1561	0	0	0	1	1	0	620	0	1	0	1	24	24
591	1562	0	0	0	1	1	0	361	28	1	1	1	25	24
591	1563	0	0	0	1	1	1	1549	85	1	0	1	52	47
591	1564	0	0	0	1	1	0	624	38	1	1	1	55	60
591	1565	0	0	0	1	1	0	558	32	1	0	1	60	61
591	1567	0	0	0	1	1	0	495	27	1	0	1	58	60
591	1568	0	0	0	1	0	0	91	0	0	1	1	5	15
591	1569	0	0	0	1	1	0	547	30	1	.	.	67	68
592	1570	0	0	0	1	1	0	668	35	1	1	1	41	48
592	1571	0	0	0	1	1	1	2058	88	1	1	1	30	28
592	1572	0	0	0	1	1	1	851	32	1	1	1	27	25
592	1573	0	0	0	1	1	0	472	25	1	1	1	68	69
592	1574	0	0	0	1	1	0	403	23	1	1	1	44	44
592	1575	0	0	0	1	1	1	648	30	1	1	1	31	27
592	1576	0	0	1	1	1	0	629	.	1	1	1	52	54
592	1577	0	0	0	1	1	0	577	37	1	.	.	42	43
592	1578	0	0	0	1	1	0	372	21	1	1	1	52	52
593	1581	0	0	0	1	1	0	302	18	1	1	1	28	27
593	1582	0	0	0	1	1	0	335	16	1	1	1	27	32
594	1583	0	1	1	0	0	1	311	23	1	1	1	40	35
594	1584	0	0	1	0	0	1	159	13	1	1	1	24.5	24.5
595	1586	1	0	0	0	0	0	127	11	1	1	1	12	12
596	1587	0	0	0	0	0	0	52	3	1	1	1	49.5	30
597	1588	0	0	1	0	0	0	551	24	1	0	1	72	67
597	1589	0	0	0	1	1	0	580	32	1	1	1	23	18
597	1590	0	0	0	0	0	0	717	38	1	1	1	59	62
597	1591	0	0	1	0	1	0	699	36	1	1	1	32	34
597	1593	0	0	0	1	1	1	1019	52	1	1	1	22	26
597	1594	0	0	0	1	0	0	654	36	1	1	1	32	34
597	1595	0	0	1	1	1	0	524	27	1	1	1	27	28
597	1596	0	0	1	1	0	0	824	39	1	1	1	35	34
597	1597	0	0	0	1	1	0	612	33	1	1	1	41	37
597	1598	0	0	0	0	0	0	738	35	1	0	1	75	80
597	1599	0	0	1	1	1	1	999	45	1	1	1	48	54
597	1600	0	0	0	0	0	0	524	28	1	0	1	69	70
597	1601	0	0	0	0	1	0	494	28	1	1	1	25	25
597	1602	0	0	0	0	1	0	644	33	1	1	1	26	20
597	1603	0	0	0	1	1	0	551	33	1	1	1	41	45
597	1604	0	0	1	0	1	0	602	31	1	1	1	31	25
597	1605	0	0	1	1	1	1	1032	51	1	1	1	20	17
597	1606	0	0	0	1	0	0	393	27	1	1	1	30	30
597	1607	0	0	0	1	1	0	759	41	1	1	1	30	36
597	1608	0	0	1	0	1	0	440	23	1	1	1	26	34
597	1609	0	0	0	1	1	0	489	29	1	1	1	27	22
597	1610	0	0	0	1	1	0	533	32	1	1	1	27	33
597	1611	0	0	0	0	0	0	574	29	1	0	1	73	78
597	1612	0	0	1	1	1	1	3508	166	1	0	1	35	44
597	1613	0	0	1	1	1	1	3256	152	1	0	1	63	69
597	1615	0	0	1	1	1	1	961	50	1	1	1	36	34
597	1617	0	0	0	0	1	0	521	27	1	1	1	32	29
597	1618	0	0	1	1	1	1	941	46	1	1	1	17	16
597	1619	0	0	1	0	1	0	558	30	1	1	1	25	24
597	1620	0	0	1	0	1	0	736	36	1	1	1	35	29
597	1621	0	0	0	1	0	0	482	28	1	1	1	47	53
597	1622	0	0	0	0	0	0	455	24	1	1	1	54	55
597	1623	0	0	1	1	1	0	666	37	1	1	1	26	20
597	1624	0	0	1	1	1	1	3282	155	1	0	1	44	44
597	1625	0	0	0	0	1	0	662	33	1	1	1	39	38
597	1626	0	0	1	0	0	0	538	26	1	1	1	37	30
597	1627	0	0	0	0	1	0	554	27	1	0	1	64	60
597	1628	0	0	0	0	1	0	543	31	1	1	1	62	59
597	1631	0	0	0	1	1	0	971	47	1	0	1	52	66
597	1632	0	0	0	0	1	0	537	32	1	1	1	40	46
597	1633	0	0	1	1	1	0	630	35	1	1	1	35	35
597	1634	0	0	0	0	1	0	655	33	1	1	1	61	55
597	1635	0	0	0	0	1	0	793	40	1	1	1	59	56
597	1636	0	0	0	1	1	0	608	31	1	1	1	49	44
597	1637	0	0	1	1	1	1	2364	117	1	0	1	45	52
597	1638	0	0	0	1	0	0	616	33	1	1	1	42	43
597	1639	0	0	0	0	0	0	375	17	1	1	1	42	37
597	1640	0	0	0	0	0	0	809	40	1	0	1	82	84
597	1641	0	0	0	0	0	0	671	0	1	0	1	51	28
597	1642	0	0	1	1	1	0	580	33	1	1	1	59	63
597	1643	0	0	1	1	1	1	1150	58	1	1	1	34	41
597	1645	0	0	1	1	1	0	580	33	1	1	1	53	58
597	1647	0	0	0	1	1	0	491	31	1	1	1	53	56
597	1648	0	0	0	1	1	0	853	40	1	1	1	69	71
597	1649	0	0	1	1	1	0	682	36	1	1	1	37	41
597	1650	0	0	0	1	1	0	442	24	1	1	1	45	53
597	1651	0	0	0	1	1	0	510	32	1	1	1	53	48
597	1652	0	0	1	1	1	1	3376	158	1	0	1	62	74
597	1653	0	0	0	1	0	0	741	33	1	0	1	71	75
597	1654	0	0	0	0	1	0	522	30	1	1	1	48	50
597	1655	0	0	1	1	1	0	511	28	1	1	1	40	46
597	1656	0	0	0	0	1	0	635	34	1	1	1	51	59
597	1657	0	0	0	0	1	0	642	33	1	1	1	61	58
597	1658	0	0	1	1	1	1	2510	124	1	0	1	44	48
597	1659	0	0	0	1	0	1	314	18	1	0	1	7.5	12
597	1660	0	0	0	1	0	0	129	0	0	0	1	42	52
597	1661	0	0	1	1	1	0	574	30	1	1	1	20	22
597	1662	0	0	0	1	0	0	543	27	1	1	1	58	58
597	1663	0	0	0	0	1	0	182	30	0	0	1	.	.
597	1664	0	0	0	1	1	0	1003	52	1	1	1	36	26
597	1665	0	0	0	0	1	0	879	42	1	0	1	64	64
597	1666	0	0	0	0	0	0	56	0	0	0	1	.	.
597	1667	0	0	0	0	0	0	438	20	1	0	1	98	96
597	1668	0	0	0	0	0	0	272	12	1	0	1	93	89
597	1669	0	0	0	0	0	0	344	16	1	0	1	72	72
597	1670	0	0	1	1	1	1	1086	56	1	1	1	68	64
597	1671	0	0	0	0	0	0	885	37	1	0	1	87	85
597	1672	0	0	0	0	1	0	267	32	0	.	.	.	.
597	1659	0	0	0	0	0	0	314	18	1	0	1	7.5	12
597	.	0	0	0	.	.	.	.	.	.	.	.	.	.
597	.	0	0	0	.	.	.	.	.	.	.	.	.	.
597	.	0	0	0	.	.	.	.	.	.	.	.	.	.
597	.	0	0	0	.	.	.	.	.	.	.	.	.	.
597	.	0	0	0	.	.	.	.	.	.	.	.	.	.
598	1673	1	1	0	1	1	1	448	19	1	1	1	22	22
598	1674	0	0	0	0	1	1	229	13	1	1	1	25	28
598	1675	0	0	0	0	1	1	27	3	0	0	1	.	.
598	1676	0	1	0	0	1	1	342	16	1	1	1	27	17
599	1677	0	0	1	1	1	1	1164	56	1	1	1	37	42
600	1680	0	0	0	0	0	0	19	3	1	0	0	75	75
601	1681	0	0	0	0	0	0	385	16	1	1	1	26	25
601	1682	0	0	0	0	0	0	376	23	1	.	.	.	.
601	1683	0	0	0	0	0	0	335	16	1	.	.	41	37
602	1684	0	0	0	0	0	0	165	9	1	1	1	42	42
603	1685	0	0	0	0	0	0	682	36	1	0	0	57	63
603	1686	0	0	0	1	0	0	331	21	1	0	0	54.5	54.5
603	1687	0	0	0	1	0	0	394	.	1	0	0	55	40
604	1688	0	0	0	1	0	0	121	9	1	0	0	27	32
605	1689	0	0	0	0	0	0	28	2	0	0	0	.	.
605	1690	0	0	0	0	0	0	25	3	0	0	0	.	.
606	1691	0	0	0	1	1	0	452	16	1	0	0	12	15
606	1692	0	0	0	1	1	0	215	9	1	0	0	12	7.5
606	1693	1	0	0	1	1	0	580	19	1	0	0	15	21
606	1694	0	0	0	1	1	0	382	15	1	0	0	24	21
607	1695	0	0	1	0	1	0	286	15	1	0	0	13	14
608	1696	0	0	0	1	0	0	335	19	1	0	0	32	34
608	1697	0	0	0	1	0	0	432	21	1	0	0	43	34
609	1699	0	0	0	0	0	0	12	2	0	0	0	75	.
610	1700	0	0	0	1	0	0	406	20	1	1	1	29	23
610	1701	0	0	0	1	0	0	428	21	1	1	1	47	47
610	1702	0	0	0	1	0	0	382	18	1	1	1	52	52
610	1703	0	0	0	1	0	1	1814	76	1	1	1	32	47
610	1704	0	0	0	1	0	1	617	0	1	1	1	20	20
610	1705	0	0	0	1	0	0	262	17	1	1	1	57	62
610	1706	0	0	0	1	0	1	730	0	1	1	1	38	41
610	1707	0	0	0	1	0	0	535	25	1	1	1	38	37
610	1708	0	0	0	1	0	0	547	25	1	1	1	66	72
610	1709	0	0	0	1	0	0	121	10	1	1	1	10	10
611	1712	0	0	0	0	0	0	360	25	1	1	1	27	24
612	1713	0	1	0	0	1	1	456	23	1	0	0	35	42
612	1714	0	0	0	0	1	0	661	31	1	0	0	37	47
612	1715	0	1	0	0	1	0	545	27	1	0	0	27	37
612	1716	0	0	0	0	1	0	606	35	1	0	0	27	28
612	1717	0	0	0	0	1	0	561	33	1	0	0	25	36
612	.	0	0	0	.	.	.	.	.	.	.	.	.	.
613	1719	0	0	0	0	0	0	18	1	1	1	1	24.5	24.5
614	1720	0	0	0	0	0	0	69	7	1	0	0	54.5	54.5
615	1721	0	0	0	1	1	0	645	.	1	1	1	21	18
615	1722	0	1	1	1	1	1	748	41	1	1	1	30	30
615	1723	0	0	0	1	1	0	712	41	1	1	1	27	26
615	1724	0	0	0	1	1	0	543	32	1	1	1	.	.
615	1725	0	0	0	0	0	0	39	2	1	.	.	24.5	24.5
616	1726	0	0	1	0	0	0	454	22	1	1	1	46	47
617	1727	0	0	0	1	1	0	452	26	1	1	1	46	46
617	1728	0	0	0	1	1	0	441	24	1	1	1	48	52
617	1729	0	0	0	0	0	0	24	2	1	0	1	.	.
618	1730	0	0	0	0	1	1	674	40	1	1	1	40	44
618	1731	0	0	0	0	1	1	517	27	1	1	1	20	16
618	1732	0	0	0	0	1	0	635	35	1	0	1	72	71
618	1733	0	0	0	0	1	1	356	33	1	1	1	32	32
618	1734	0	0	0	0	1	1	441	34	1	1	1	38	35
618	1735	0	0	0	0	1	0	506	37	1	.	1	48	36
618	1736	0	0	0	0	1	0	448	28	1	0	1	69	63
618	1737	0	0	1	1	1	0	937	38	1	0	1	63	57
618	1738	0	0	0	0	1	1	525	38	1	1	1	40	45
618	1739	0	0	0	0	1	1	496	40	1	1	1	29	27
618	1740	0	0	0	0	1	0	485	33	1	0	1	68	58
618	1741	0	0	0	0	1	0	523	30	1	0	1	73	64
618	1742	0	0	0	0	1	1	663	44	1	1	1	22	42
618	1743	0	0	1	1	1	1	1864	80	1	1	1	42	42
618	1744	0	0	1	1	1	1	1308	71	1	0	1	52	52
618	1745	0	0	0	1	1	1	649	40	1	1	1	39	26
618	1746	0	0	0	0	1	0	711	39	1	0	1	74	65
618	1747	0	0	0	0	1	0	551	39	1	1	1	57	46
618	1748	0	0	0	0	1	1	727	37	1	0	1	73	66
618	1750	0	0	0	0	1	1	330	30	1	1	1	42	42
618	1751	0	0	0	0	1	0	612	37	1	0	1	72	65
618	1752	0	0	0	0	1	1	550	35	1	1	1	37	32
618	1753	0	0	0	1	1	0	2134	85	1	0	1	61	65
618	1754	0	0	0	1	1	0	449	24	1	0	1	42	46
618	1755	0	0	0	0	1	0	576	36	1	0	1	81	81
618	1756	0	0	0	1	0	1	638	31	1	1	1	23	27
618	1757	0	0	0	1	1	1	848	36	1	0	1	62	67
618	1758	0	0	0	0	1	1	434	33	1	0	1	68	57
618	1759	0	0	0	0	1	1	411	30	1	1	1	34	25
618	1760	0	0	0	0	1	0	177	17	1	1	1	5	5
618	1761	0	0	0	0	1	1	524	33	1	0	1	77	67
618	1762	0	0	0	0	0	1	676	36	1	0	1	70	64
618	1764	0	0	0	0	1	1	453	31	1	1	1	53	50
618	1765	0	0	0	1	1	1	1841	96	1	1	1	45	48
618	1766	0	0	0	0	1	0	490	30	1	0	1	71	65
618	1767	0	0	0	0	1	0	434	26	1	1	1	45	36
618	1768	0	0	0	1	1	1	2647	100	1	0	1	66	69
618	1769	0	0	0	1	1	1	689	31	1	0	1	55	44
618	1770	0	0	0	0	1	0	608	33	1	0	1	72	62
618	1771	0	0	0	0	1	1	421	24	1	1	1	30	23
618	1772	0	0	0	0	1	0	692	36	1	0	1	70	68
618	1774	0	0	0	0	1	1	539	33	1	1	1	28	27
618	1775	0	0	0	1	0	0	85	13	0	0	1	53	51
618	1776	0	0	0	0	1	0	805	44	1	0	1	84	85
618	1777	0	0	0	1	1	1	166	13	1	.	.	17	17
619	1778	0	0	0	1	1	1	496	28	1	0	0	30	30
619	1779	0	0	0	0	1	1	381	24	1	0	0	.	.
619	1780	0	0	0	0	1	1	239	13	1	0	0	17	17
619	1781	0	0	0	0	1	1	388	16	1	0	0	31	41
619	1782	0	0	1	0	1	1	375	19	0	0	0	21	21
619	1783	0	0	0	0	0	0	33	1	0	0	0	24.5	24.5
620	1784	0	0	0	0	0	0	92	10	1	0	0	32	22
621	1785	0	0	0	1	0	0	82	7	1	0	0	49.5	49.5
622	1786	0	0	0	1	0	0	654	32	1	0	0	34.5	44.5
622	1787	0	0	0	1	0	1	517	28	1	0	0	43	36
622	1788	0	0	0	0	0	0	590	28	1	0	0	54	45
622	1789	0	0	0	0	0	0	445	25	1	0	0	.	.
622	1790	0	0	0	0	0	0	88	4	1	0	0	49.5	30
622	1791	0	0	0	0	0	0	16	0	0	0	0	24.5	24.5
623	1792	0	1	0	0	1	0	179	17	1	1	1	2.5	2.5
624	1794	0	0	0	0	0	0	90	7	1	1	1	34.5	34.5
625	1795	0	0	0	1	1	0	762	38	1	0	0	38	33
625	1796	0	0	0	1	1	0	939	52	1	0	0	26	21
625	1797	0	0	0	1	1	0	828	39	1	0	0	27	23
625	1799	0	0	0	1	1	0	705	37	1	0	0	31	27
625	1800	0	0	0	1	0	0	886	45	1	0	0	47	47
625	1801	0	0	0	1	1	0	914	48	1	0	0	37	34
625	1802	0	0	0	1	1	0	775	42	1	0	0	29	28
625	1803	0	0	0	1	1	0	668	34	1	0	0	29	22
625	1804	0	0	0	1	1	0	767	38	1	0	0	37	37
625	1805	0	0	0	1	1	0	658	32	1	0	0	39	41
625	1806	0	0	0	1	1	0	686	35	1	0	0	26	22
625	1808	0	0	0	1	1	0	1144	57	1	0	0	37	39
626	1809	0	0	0	0	1	0	773	42	1	0	0	45	32
626	1810	0	0	0	0	1	0	834	46	1	0	0	43	39
626	1811	0	0	0	0	1	0	787	44	1	0	0	32	40
626	1812	0	0	1	1	1	1	1194	64	1	0	0	52	72
626	1813	0	0	0	0	1	0	525	28	1	0	0	38	29
626	1814	0	1	1	0	1	0	478	31	1	0	0	28	36
626	1815	0	0	0	0	1	0	437	30	1	0	0	40	41
626	1816	0	0	0	0	1	0	576	34	1	0	0	34	29
626	1817	0	0	0	1	1	1	1483	70	1	0	0	47	47
626	1818	0	0	0	0	1	0	455	33	1	0	0	38	39
626	1819	0	0	0	0	1	0	826	42	1	0	0	58	61
626	1820	0	0	0	0	1	0	816	44	1	0	0	62	61
626	1821	0	0	0	0	1	0	677	37	1	0	0	33	32
626	1822	0	0	0	1	1	1	1871	87	1	0	0	57	75
626	1823	0	0	0	0	1	0	558	31	1	0	0	44	39
626	1824	0	0	1	0	1	0	656	37	1	0	0	40	40
626	1825	0	0	0	0	1	0	842	44	1	0	0	60	62
626	1826	0	0	0	0	1	0	674	37	1	0	0	40	38
626	1827	0	0	0	0	1	0	901	44	1	0	0	41	34
626	1828	0	0	0	0	1	0	1000	47	1	0	0	62	64
626	1829	0	0	0	1	1	1	1974	93	1	0	0	60	68
626	1830	0	0	0	0	1	0	546	37	1	0	0	45	43
626	1831	0	0	0	0	1	0	598	39	1	0	0	47	38
626	1832	0	0	0	0	1	0	782	39	1	0	0	59	59
626	1833	0	1	1	0	1	0	891	47	1	0	0	37	39
626	1834	0	0	0	0	1	0	505	35	1	0	0	39	42
626	1835	0	0	0	1	1	1	1879	86	1	0	0	57	64
626	1836	0	0	0	0	1	0	709	36	1	0	0	63	68
626	1837	0	1	0	0	1	0	363	23	1	0	0	51	51
626	1838	0	1	0	0	1	0	965	48	1	0	0	55	52
626	1839	0	0	0	0	1	0	1115	57	1	0	0	34	25
626	1840	0	0	0	0	1	0	853	55	1	0	0	56	51
626	1841	0	0	0	0	1	0	932	49	1	0	0	54	49
626	1842	0	0	0	0	0	0	9	0	0	0	0	77	87
626	1843	0	0	0	1	1	1	1881	87	1	0	0	43	48
626	1844	0	0	0	1	0	1	79	11	1	0	0	5	15
626	1845	0	0	0	1	1	1	2185	98	1	0	0	55	73
626	1846	0	0	0	0	1	0	1099	51	1	0	0	64	62
626	1847	0	0	0	0	1	0	713	35	1	0	0	58	58
626	1848	0	0	0	0	1	0	925	44	1	0	0	59	63
626	1849	0	0	0	0	1	0	249	0	1	0	0	72	77
626	1850	0	0	0	0	1	0	982	43	1	0	0	64	62
626	1851	0	0	0	0	0	0	36	6	1	0	0	24.5	24.5
627	1853	0	1	1	0	1	1	406	27	1	1	1	24	26
627	1854	0	0	0	0	1	0	308	20	1	1	1	24	16
627	1855	0	1	1	0	1	0	618	34	1	1	1	23	27
627	1856	1	1	0	0	1	0	416	26	1	1	1	22	18
627	1857	1	1	1	0	1	0	634	30	1	1	1	20	16
627	1858	0	1	0	0	1	0	535	29	1	1	1	28	23
627	1859	1	1	1	0	1	1	572	33	1	1	1	32	21
627	1860	0	1	0	0	1	0	532	30	1	1	1	37	27
627	1861	1	1	1	0	1	0	537	28	1	1	1	28	25
627	1862	1	1	1	0	1	1	408	21	1	1	1	37	30
627	1863	0	0	0	0	1	0	557	28	1	1	1	29	35
627	1864	0	0	1	0	1	0	471	22	1	1	1	59	62
627	1867	0	0	0	0	1	0	101	0	0	.	.	.	.
627	1865	1	0	0	0	1	0	390	22	1	0	1	67	57
628	1868	0	0	0	1	1	1	2687	143	1	0	0	31	33
628	1869	0	0	0	1	1	1	1775	112	1	0	0	43	58
628	1870	0	0	1	1	1	1	2208	122	1	0	0	21	28
628	1871	0	0	0	1	0	1	2236	121	1	0	0	28	36
628	1872	0	0	1	1	1	1	2045	136	1	0	0	32	39
628	1873	0	0	0	1	1	1	2856	147	1	0	0	28	31
628	1874	0	0	0	1	0	1	1977	109	1	0	0	27	25
628	1875	0	0	1	1	1	1	3070	149	1	0	0	29	33
628	1876	0	0	0	1	1	1	2675	136	1	0	0	44	39
628	1877	0	0	0	1	0	1	213	22	1	0	0	2.5	7.5
628	1878	0	0	0	1	1	1	2462	133	1	0	0	28	36
628	1879	0	0	0	1	0	0	316	13	1	0	0	15	5
628	1881	0	0	0	1	0	0	345	22	1	0	0	92	97.5
628	1882	0	1	0	1	1	1	1717	104	1	0	0	38	33
628	1883	0	0	0	1	0	0	319	33	1	0	0	67	82
628	1884	0	0	0	1	0	0	179	13	1	0	0	67	67
628	1885	0	0	0	1	0	0	68	6	1	0	0	.	.
629	1887	0	1	0	0	0	0	170	11	1	1	1	22	12
630	1888	0	0	0	0	0	0	388	23	1	0	0	38	27
630	1889	0	0	0	1	0	0	209	13	1	0	0	75	75
630	1890	0	0	0	0	0	0	135	4	0	0	0	27	27
630	1891	0	0	0	0	0	0	17	0	0	0	0	.	.
631	1892	0	0	0	0	0	0	128	16	1	1	1	52	52
632	1893	0	0	0	1	0	0	1023	58	1	0	0	44	28
632	1894	0	0	0	1	0	0	693	35	1	0	0	52	57
632	1895	0	0	0	1	0	0	372	17	1	0	0	37	34
632	1897	0	0	0	0	0	0	9	0	0	0	0	.	.
633	1898	0	0	0	1	0	0	93	6	1	1	1	57	52
634	1899	0	0	0	0	0	0	79	5	0	0	1	.	.
634	1900	0	0	0	0	1	0	597	30	1	1	1	58	49
634	1901	0	0	0	0	1	0	301	17	1	1	1	52	52
634	1903	0	0	0	1	1	1	1496	62	1	0	1	58	53
634	1904	0	0	0	1	1	0	612	30	1	1	1	52	38
634	1905	0	0	0	0	1	0	428	24	1	1	1	52	57
634	1907	0	0	0	0	1	0	517	25	1	1	1	77	70
635	1908	0	0	0	1	1	0	314	18	1	0	0	22	17
635	1909	1	0	0	1	1	0	191	12	1	0	0	12	7.5
635	1910	0	0	1	1	1	0	209	21	1	0	0	24.5	75
636	1911	0	0	0	0	0	0	118	5	1	0	0	27	22
636	1912	0	0	0	0	0	0	68	2	1	0	0	22	2.5
637	1913	0	0	0	1	1	0	776	39	1	0	0	59	63
637	1914	0	0	1	1	1	0	665	36	1	0	0	70	72
637	1915	0	0	0	1	1	0	748	35	1	0	0	52	56
637	1916	0	0	0	1	1	0	1987	93	1	0	0	61	67
637	1917	0	0	0	1	1	0	695	38	1	0	0	62	67
637	1918	0	0	0	1	0	0	647	34	1	0	0	72	73
637	1919	0	0	0	1	0	0	677	33	1	0	0	53	57
637	1920	0	0	0	0	0	0	13	0	0	0	0	24.5	24.5
637	1921	0	0	0	1	0	0	888	48	1	0	0	52	57
638	1923	0	0	0	1	1	0	209	8	1	.	.	22	12
638	1924	0	0	0	1	1	0	237	14	0	1	1	37	27
639	1925	0	0	1	0	0	0	125	8	1	0	0	15	15
639	1926	1	0	1	1	0	0	153	13	1	0	0	24.5	24.5
639	1927	0	0	1	0	0	0	67	5	1	0	0	30	10
639	1928	1	0	1	0	0	0	99	6	1	0	0	17	27
639	1929	0	0	0	0	0	0	39	3	1	0	0	24.5	24.5
640	1930	1	0	0	0	0	0	387	18	1	0	0	41	38
641	1931	0	0	0	1	0	0	525	0	1	0	0	2	0.5
641	1934	0	1	0	1	0	0	939	64	1	0	0	7	7
641	1935	0	0	0	0	0	0	49	2	0	0	0	24.5	24.5
642	1936	0	0	0	0	1	0	467	23	1	0	0	42	47
642	1937	0	0	0	0	0	0	380	20	1	0	0	28	23
642	1938	0	0	0	0	1	0	24	2	1	0	0	54.5	54.5
643	1939	0	0	0	0	0	0	500	28	1	1	1	17	15
643	1940	0	0	0	0	0	0	565	26	1	1	1	25	27
643	1941	0	0	0	0	0	0	506	23	1	1	1	10	9
643	1942	0	0	0	0	0	0	407	23	1	1	1	19	20
643	1943	0	0	0	0	0	0	415	20	1	1	1	19	17
643	1944	0	0	0	0	0	0	107	18	0	0	1	22	27
643	1945	0	0	0	0	0	0	633	24	1	1	1	12	12
643	1946	0	0	0	0	1	0	98	17	1	1	1	.	.
643	1947	0	0	0	0	0	0	462	21	1	1	1	17	18
643	1948	0	0	0	0	0	0	464	23	1	1	1	34	41
643	1949	0	0	0	0	0	0	585	32	1	1	1	25	34
643	1950	0	0	0	0	0	0	597	30	1	1	1	21	20
643	1951	0	0	1	0	0	0	400	26	1	1	1	15	11
643	1952	0	0	0	0	0	0	418	17	1	1	1	25	21
643	1953	0	0	0	0	0	0	423	22	1	1	1	21	14
643	1954	0	0	0	0	0	0	507	22	1	1	1	28	23
643	1955	0	0	0	0	0	0	551	24	1	1	1	23	23
643	1956	0	0	0	0	0	0	537	24	1	1	1	30	35
643	1957	0	0	0	0	0	0	689	32	1	1	1	23	13
643	.	0	0	0	.	.	.	.	.	.	.	.	.	.
643	.	0	0	0	.	.	.	.	.	.	.	.	.	.
643	.	0	0	0	.	.	.	.	.	.	.	.	.	.
643	.	0	0	0	.	.	.	.	.	.	.	.	.	.
643	.	0	0	0	.	.	.	.	.	.	.	.	.	.
643	.	0	0	0	.	.	.	.	.	.	.	.	.	.
643	.	0	0	0	.	.	.	.	.	.	.	.	.	.
643	.	0	0	0	.	.	.	.	.	.	.	.	.	.
644	1958	0	0	0	1	0	0	416	20	1	0	0	46	35
644	1959	0	0	0	1	0	0	336	19	1	0	0	44.5	54.5
644	1960	1	1	0	1	0	0	537	25	1	0	0	48	53
644	1961	0	0	0	0	0	0	23	0	0	0	0	.	.
645	1962	0	0	0	0	1	0	674	32	1	0	0	27	38
645	1963	0	0	0	1	1	0	472	22	1	0	0	37	47
645	1964	0	0	0	0	1	0	490	23	1	0	0	43	49
646	1965	0	0	0	1	0	0	316	23	1	0	0	7.5	7.5
646	1966	0	0	0	0	0	0	240	18	1	0	0	11	7
647	1967	0	0	0	1	0	0	67	5	1	1	1	24.5	.
647	1968	0	0	0	0	0	0	631	33	1	1	1	50	49
647	1969	1	1	1	1	0	1	726	37	1	1	1	57	57
647	1970	0	1	0	0	0	1	456	23	1	1	1	37	35
647	1971	0	0	0	0	0	0	492	24	1	1	1	45	53
647	1972	0	0	0	0	0	0	513	30	1	1	1	51	56
647	1973	0	0	0	0	0	0	44	0	0	.	.	30	24.5
648	1974	0	0	0	1	1	0	641	42	1	0	1	.	.
648	1975	0	1	1	1	0	1	945	47	1	0	1	54.5	34.5
648	1976	0	1	1	1	1	0	820	34	1	1	1	41	35
648	1977	0	0	0	1	0	0	153	15	1	1	1	22	22
648	1978	0	0	0	1	0	0	724	34	0	1	1	62	52
648	1979	0	1	1	1	1	0	1357	66	1	0	1	58	51
648	1980	1	1	1	1	1	1	1112	53	1	0	1	57	57
648	1981	1	0	0	1	1	0	672	33	1	0	1	66	56
649	1983	0	0	0	0	0	0	18	1	0	0	0	24.5	24.5
650	1984	0	0	0	0	0	0	112	9	1	0	0	34.5	34.5
651	1985	0	0	0	0	0	0	217	14	1	0	0	57	47
652	1986	0	0	0	1	0	1	840	47	1	1	1	29	24
652	1987	0	0	0	0	0	1	369	22	1	1	1	27	32
652	1988	0	0	0	1	1	0	505	30	1	1	1	48	44
652	1989	0	0	0	1	1	1	1134	57	1	1	1	24.5	15
652	1990	0	0	0	1	0	1	390	20	1	1	1	39	36
653	1991	0	0	0	1	0	0	357	15	1	1	1	34.5	24.5
653	1992	0	0	0	0	0	0	9	0	0	1	1	24.5	24.5
654	1995	0	0	0	1	0	0	541	28	1	0	0	66	65
654	1996	0	0	1	1	0	0	2090	93	1	0	0	67	78
654	1997	0	0	0	1	0	0	1687	76	1	0	0	44	51
654	1998	0	0	0	1	0	0	2161	100	1	0	0	73	74
654	1999	0	0	0	0	0	0	636	39	1	0	0	81	78
654	2000	0	0	1	1	0	0	881	40	1	0	0	68	71
654	2001	0	0	0	1	0	0	912	54	1	0	0	27	32
654	2002	0	0	0	0	0	0	489	32	1	0	0	58	64
654	2003	0	0	0	0	0	0	826	40	1	0	0	79	80
654	2004	0	0	0	1	0	0	876	45	1	0	0	51	54
654	2005	0	0	0	0	0	0	455	30	1	0	0	65	71
654	2006	0	0	1	1	0	0	853	43	1	0	0	56	51
654	2007	0	0	0	0	0	0	378	28	1	0	0	52	62
654	2008	0	0	0	0	0	0	452	32	1	0	0	61	61
654	2009	0	0	0	0	0	0	504	31	1	0	0	84	68
654	2010	0	0	0	1	0	0	1233	58	1	0	0	61	65
654	2011	0	0	0	0	0	0	688	42	1	0	0	56	51
654	2012	0	0	1	1	0	0	849	56	1	0	0	34	27
654	2013	0	0	0	0	0	0	298	23	1	0	0	37	32
654	2014	0	0	0	0	0	0	576	37	1	0	0	80	82
654	2015	0	0	0	1	0	0	928	45	1	0	0	82	81
654	2016	0	0	0	0	0	0	475	25	1	0	0	77	82
654	2017	0	0	0	0	0	0	381	35	1	0	0	74	73
654	2018	0	0	0	0	0	0	498	27	1	0	0	84	86
654	2019	0	0	0	0	0	0	450	32	1	0	0	73	69
654	2020	0	0	0	1	0	0	403	30	1	0	0	43	37
654	2021	0	0	0	1	0	0	630	31	1	0	0	67	63
654	2022	0	0	0	0	0	0	462	29	1	0	0	80	82
654	2023	0	0	0	1	0	0	874	47	1	0	0	67	65
654	2026	0	0	0	0	0	0	40	8	0	0	0	64.5	74.5
655	2028	0	0	0	0	0	0	74	6	1	1	1	34.5	24.5
655	2029	0	1	0	0	0	0	51	2	1	1	1	24.5	24.5
656	2030	0	0	0	0	0	0	36	3	1	0	0	49.5	69.5
657	2031	0	0	0	0	0	0	410	22	1	0	0	.	.
657	2032	1	1	1	1	1	1	729	37	1	0	0	74.5	64.5
657	2033	0	0	0	1	1	1	586	29	1	0	0	35	29
657	2034	0	0	0	0	0	0	176	8	1	0	0	62	72
657	2035	1	1	0	0	1	0	470	22	1	0	0	47	50
657	2036	0	0	0	0	0	0	18	1	0	0	0	24.5	24.5
657	2037	0	0	0	0	0	0	5	0	0	0	0	75	24.5
657	.	0	0	0	.	.	.	.	.	.	.	.	.	.
658	2038	0	0	0	0	1	0	781	44	1	0	1	68	63
658	2039	0	0	0	0	1	0	594	39	1	0	1	55	57
658	2040	0	0	0	1	1	1	2179	95	1	0	1	69	72
658	2041	0	1	0	0	1	0	612	41	1	1	1	38	48
658	2042	1	1	0	1	1	1	535	27	1	1	1	29	21
658	2043	0	0	0	0	1	0	219	19	1	0	1	47	47
658	2044	0	0	0	0	1	0	638	39	1	1	1	61	58
658	2045	0	0	0	0	1	0	539	37	1	1	1	42	43
658	2046	0	0	1	1	1	1	1573	112	1	0	1	51	58
658	2048	0	0	0	0	1	0	486	32	1	1	1	48	49
658	2049	0	1	0	0	1	0	549	39	1	1	1	39	38
658	2050	0	0	0	0	1	0	464	30	1	1	1	50	49
658	2051	1	1	0	1	1	1	618	29	1	1	1	42	42
658	2052	0	0	0	0	1	0	726	40	1	0	1	72	69
658	2053	0	0	0	0	1	0	421	28	1	1	1	69	60
658	2054	0	1	0	0	1	0	468	33	1	1	1	53	33
658	2055	0	0	1	1	1	1	1634	81	1	1	1	48	54
658	2056	0	0	0	0	1	0	578	36	1	.	1	64	64
658	2057	1	1	1	1	1	1	946	40	1	0	1	62	54
658	2058	0	0	0	0	1	0	581	36	1	1	1	43	37
658	2059	0	0	0	0	1	0	630	38	1	0	1	61	65
658	2060	1	0	1	0	1	1	841	54	1	1	1	43	38
658	2061	0	0	0	1	1	0	1104	63	1	0	1	68	62
658	2062	0	0	0	1	1	0	623	40	1	0	1	66	64
658	2063	0	0	0	0	1	0	670	38	1	0	1	77	79
658	2064	1	0	1	1	1	0	998	52	1	0	1	77	72
658	2065	1	1	0	1	1	0	1062	52	1	0	1	73	72
658	2066	0	0	0	1	1	1	2332	103	1	0	1	69	70
658	2067	0	1	1	1	1	0	722	48	1	0	1	67	60
658	2068	0	0	0	1	1	1	2533	108	1	0	1	64	70
658	2069	0	0	1	1	1	0	987	51	1	0	1	73	68
658	2070	0	0	0	1	1	0	1019	51	1	0	1	73	69
658	2071	0	0	0	0	0	0	70	0	0	0	1	67	70
658	2072	0	1	0	1	1	0	788	55	1	0	1	61	66
658	2073	0	0	0	0	1	0	902	50	1	0	1	64	56
658	2074	1	1	1	0	1	0	940	49	1	0	1	66	65
658	2075	0	0	0	0	1	0	793	43	1	0	1	60	66
658	2076	0	0	0	0	1	0	59	17	1	1	1	5	15
658	2077	0	0	0	0	1	0	869	44	1	0	1	73	80
659	2078	0	0	0	1	.	0	22	2	1	0	0	24.5	24.5
660	2079	0	0	0	0	1	0	198	11	1	0	0	58	66
660	2080	0	0	0	0	1	0	453	21	1	0	0	52	72
660	2081	0	0	0	1	1	0	727	36	1	0	0	67	72
660	2082	0	0	1	0	1	0	448	17	1	0	0	48	61
660	2083	0	0	0	0	1	0	271	16	1	0	0	47	57
660	2084	0	0	0	0	1	0	409	15	1	0	0	59	63
660	2085	0	0	0	0	1	0	21	0	0	0	0	.	.
661	2086	0	0	0	0	0	0	201	10	1	0	0	57	42
662	2087	0	0	0	0	1	0	995	38	1	1	1	29	34
662	2088	0	0	0	0	1	0	415	22	1	1	1	36	39
662	2089	0	0	1	0	1	0	419	20	1	1	1	36	45
662	2090	0	0	0	0	1	0	779	38	1	1	1	45	53
662	2091	0	0	0	0	1	0	435	21	1	1	1	29	45
663	2093	0	0	0	0	0	0	113	13	1	.	1	42	37
664	2094	0	0	0	1	1	0	244	13	1	1	1	37	37
664	2095	0	0	0	1	1	0	104	7	1	0	1	75	75
665	2096	0	0	0	0	1	0	235	13	1	0	0	62	67
665	2097	0	0	0	1	1	0	249	14	1	0	0	74.5	54.5
665	2098	0	0	1	0	1	0	307	16	1	0	0	53	57
665	2099	0	0	0	0	1	0	13	1	0	0	0	24.5	24.5
666	2100	0	0	0	1	0	0	489	34	1	1	1	14	15
667	2101	0	0	0	1	0	0	193	12	1	1	1	5	5
667	2102	0	0	1	1	1	0	613	30	1	1	1	17	18
667	2103	0	0	1	1	1	0	575	27	1	1	1	34	35
667	2104	0	0	0	1	1	0	516	20	1	1	1	18	20
667	2105	0	0	0	1	1	0	652	31	1	1	1	47	59
667	2106	0	0	0	1	1	0	674	30	1	1	1	31	33
667	2107	0	0	1	1	1	0	462	21	1	1	1	27	34
667	2108	0	0	1	1	1	0	668	30	1	1	1	31	26
667	2109	0	0	1	1	1	0	566	28	1	1	1	33	37
667	2110	0	0	1	1	1	0	2067	95	1	1	1	25	27
667	2111	0	0	0	1	1	0	412	31	1	1	1	.	.
667	2112	0	0	0	1	1	0	607	33	1	1	1	34	36
667	2114	0	0	1	1	1	0	955	53	1	1	1	20	17
667	2115	0	0	1	1	1	0	555	25	1	1	1	42	52
667	2116	0	0	0	0	1	0	652	33	1	1	1	38	48
667	2117	0	0	0	1	1	0	2037	95	1	1	1	35	35
667	2118	0	0	0	1	0	0	458	24	1	1	1	28	27
667	2119	0	0	1	1	1	0	765	36	1	1	1	20	21
667	2120	0	0	1	1	1	0	705	28	1	1	1	24	21
667	2121	0	0	1	1	1	0	546	27	1	1	1	26	38
667	2122	0	0	0	0	0	0	31	0	0	0	1	24.5	24.5
667	2123	0	0	1	1	1	0	853	38	1	1	1	45	39
668	2124	0	0	0	0	1	0	204	6	1	0	0	27	22
668	2125	0	0	0	1	0	0	.	.	.	.	.	.	.
668	2126	0	0	0	1	0	0	177	4	1	0	0	17	7.5
669	2127	0	0	0	1	1	0	672	38	1	0	0	67	61
669	2128	0	0	0	1	1	0	385	20	1	0	0	56	47
669	2129	0	0	0	1	1	0	514	31	1	0	0	63	54
669	2130	0	0	1	1	1	0	404	32	1	0	0	64.5	69.5
670	2131	0	0	0	1	1	0	491	26	1	0	0	33	33
670	2132	0	0	1	1	1	0	337	22	1	0	0	47	37
670	2133	0	0	1	1	1	0	665	35	1	0	0	65	55
670	2134	0	0	0	1	1	0	357	25	1	0	0	37	42
670	2135	0	0	1	1	1	1	1107	62	1	0	0	37	36
670	2136	0	0	0	1	1	0	524	31	1	0	0	40	37
670	2138	0	0	0	1	1	0	695	35	1	0	0	64	63
670	2139	0	1	1	1	1	1	872	48	1	0	0	19	15
670	2140	0	0	0	1	1	0	554	33	1	0	0	27	33
670	2141	1	1	0	1	1	0	445	25	1	0	0	60	51
670	2142	0	0	1	1	1	0	566	32	1	0	0	37	31
670	2143	0	0	0	1	1	0	805	41	1	0	0	38	39
670	2144	0	0	1	1	1	0	472	28	1	0	0	58	49
670	2145	0	0	0	1	1	0	422	27	1	0	0	41	42
670	2146	0	0	0	1	1	0	543	32	1	0	0	28	28
670	2147	0	0	0	1	1	0	526	31	1	0	0	33	33
670	2148	0	1	0	1	1	0	495	29	1	0	0	37	32
670	2149	0	1	1	1	1	1	838	55	1	0	0	25	27
670	2150	0	0	0	0	1	0	205	21	0	0	0	.	.
670	2152	0	0	0	1	1	0	455	25	1	0	0	74	65
670	2153	0	0	0	1	0	0	301	16	1	0	0	55	37
670	.	0	0	0	.	.	.	.	.	.	.	.	.	.
671	2155	0	0	0	1	1	0	2978	126	1	0	1	70	75
671	2156	0	0	0	1	1	0	2723	113	1	0	1	71	73
671	2157	0	0	0	1	1	0	1448	76	1	1	1	42	42
671	2158	0	0	0	1	1	0	1804	84	1	1	1	52	52
671	2159	0	0	0	1	1	0	1725	82	1	1	1	42	37
671	2160	0	0	0	1	1	0	2578	114	1	.	1	47	49
671	2161	0	0	0	1	1	0	330	21	1	1	1	5	5
672	2163	0	0	0	0	0	0	381	23	1	0	0	.	.
672	2164	0	0	0	0	0	0	578	25	1	0	0	55	56
672	2165	0	0	0	0	0	0	283	9	1	0	0	46	42
672	2166	0	0	0	1	0	0	395	25	1	0	0	57	62
673	2167	0	0	0	0	0	0	111	8	1	1	1	32	22
674	2168	0	0	0	0	0	0	16	2	0	0	0	.	.
675	2169	0	1	1	1	0	0	938	53	1	0	0	32	25
675	2170	0	1	1	1	1	0	576	30	1	0	0	42	47
675	2171	0	1	1	1	1	0	794	39	1	0	0	31	23
675	2172	0	1	1	1	1	0	846	40	1	0	0	23	19
676	2173	0	0	0	1	1	0	2374	101	1	1	1	33	27
676	2174	0	0	0	1	1	0	2445	103	1	1	1	33	40
676	2175	0	0	0	1	1	0	2304	99	1	1	1	36	33
676	2176	0	0	0	1	1	0	2439	104	1	1	1	30	38
676	2177	0	0	0	1	1	0	1844	82	1	1	1	32	25
676	2179	0	0	0	1	0	0	503	17	0	1	1	97.5	92
677	2180	0	0	0	0	0	0	387	0	1	0	0	25	21
677	2181	0	0	0	0	0	0	591	0	1	0	0	23	12
678	2183	1	0	1	1	0	0	285	15	1	1	1	26	21
678	2184	0	0	1	1	0	0	372	21	1	1	1	47	47
678	2185	0	0	0	1	0	0	138	6	1	1	1	42	22
679	2186	0	0	0	0	0	0	118	4	1	0	0	37	47
680	2187	0	0	0	1	0	0	688	41	1	0	0	27	47
680	2188	0	0	0	1	0	0	336	13	1	0	0	10	10
680	2189	0	0	0	0	0	0	519	36	1	0	0	21	36
680	2190	0	0	0	0	0	0	69	4	1	0	0	24.5	24.5
680	2191	0	0	0	0	0	0	56	5	1	0	0	10	10
680	2192	0	0	0	1	0	0	26	2	1	0	0	.	.
681	2193	0	0	0	1	0	0	653	40	1	0	0	31	27
681	2195	0	0	0	1	0	0	518	27	1	0	0	56	56
681	2196	0	0	0	1	0	1	495	25	1	0	0	62	54
681	2197	0	0	0	1	0	1	857	40	1	0	0	57	62
681	2198	0	0	1	1	1	0	811	38	1	0	0	28	19
681	2199	0	1	1	1	0	0	481	29	1	0	0	21	17
681	2200	0	1	1	1	1	0	696	39	1	0	0	27	25
681	2201	0	0	0	0	0	0	353	22	1	0	0	40	38
681	2203	0	0	0	1	0	0	236	12	1	0	0	52	47
681	2204	1	0	0	1	0	0	416	23	1	0	0	32	22
681	2205	0	0	1	1	0	1	865	51	1	0	0	23	16
681	2206	0	0	0	1	0	0	378	19	1	0	0	42	37
681	2207	0	0	0	1	0	0	357	16	1	0	0	82	77
681	2208	0	0	0	1	0	0	373	20	1	0	0	62	57
681	2209	0	1	1	1	0	0	787	35	1	0	0	27	29
681	2210	0	0	0	1	0	0	387	18	1	0	0	37	42
681	2211	0	1	0	1	0	0	209	15	1	0	0	32	37
681	2212	0	0	0	1	0	0	533	35	1	0	0	34	34
681	2213	0	0	0	1	0	0	305	14	1	0	0	32	37
681	2214	0	0	0	1	0	0	238	15	1	0	0	37	47
681	2216	0	0	0	1	0	0	323	17	1	0	0	14	6
681	2217	0	1	0	1	0	0	543	29	1	0	0	54	51
681	2219	0	0	0	1	0	0	501	29	1	0	0	22	27
681	2220	0	1	1	1	1	0	584	29	1	0	0	29	20
681	2221	0	0	0	1	0	0	952	47	1	0	0	38	40
681	2222	0	0	0	1	0	0	319	18	1	0	0	47	37
681	2223	0	0	0	1	1	0	282	15	1	0	0	42	47
681	2224	0	0	0	1	1	0	311	23	1	0	0	47	42
681	2225	0	0	0	1	0	0	191	11	1	0	0	37	32
681	2226	0	0	0	1	0	0	398	24	1	0	0	27	22
681	2227	1	0	0	1	0	0	546	34	1	0	0	16	21
681	2228	0	0	0	1	0	0	185	14	1	0	0	22	32
681	2229	0	0	1	1	0	1	841	46	1	0	0	21	16
681	2230	0	1	1	1	0	0	367	23	1	0	0	21	19
681	2232	0	1	1	1	0	0	260	15	1	0	0	22	22
681	2233	0	1	0	1	0	0	302	19	1	0	0	22	12
681	2236	0	0	0	1	1	0	636	42	1	0	0	13	7
681	2237	0	0	0	1	1	0	355	17	1	0	0	77	67
681	2238	0	0	1	1	0	0	380	22	1	0	0	18	14
681	2239	0	0	0	1	0	0	312	17	1	0	0	32	27
681	2240	0	0	0	1	1	0	328	17	1	0	0	47	52
681	2241	0	0	1	1	0	1	391	30	1	0	0	15	12
681	2242	0	0	0	1	0	0	276	17	1	0	0	37	42
681	2244	0	0	0	1	1	0	680	31	1	0	0	39	40
681	2245	0	0	0	1	0	0	300	17	1	0	0	47	42
681	2246	0	0	0	0	1	0	290	18	1	0	0	37	27
681	2247	0	0	0	1	0	0	496	24	1	0	0	37	37
681	2248	0	0	0	1	0	0	673	29	1	0	0	48	43
681	2249	0	0	0	1	0	0	325	18	1	0	0	42	32
681	2250	0	0	0	1	0	0	494	24	1	0	0	33	38
681	2252	0	0	0	1	0	0	490	25	1	0	0	55	48
681	2253	0	0	1	1	0	1	895	47	1	0	0	19	9
681	2255	0	0	0	1	0	0	538	29	1	0	0	30	30
681	2256	0	0	0	1	0	0	359	21	1	0	0	32	32
681	2257	0	1	0	1	0	0	337	18	1	0	0	27	17
681	2258	0	0	0	1	0	1	708	47	1	0	0	12	15
681	2259	0	0	0	1	0	0	381	20	1	0	0	42	32
681	2260	0	0	1	1	0	1	1090	65	1	0	0	22	22
681	2261	0	0	0	1	0	0	412	28	1	0	0	48	43
681	2262	1	1	0	1	1	0	300	17	1	0	0	57	62
681	2263	0	0	0	1	0	0	301	14	1	0	0	27	32
681	2264	0	0	0	1	1	1	3007	159	1	0	0	40	44
681	2265	0	0	0	1	0	0	316	18	1	0	0	22	27
681	2266	0	0	0	1	0	0	1100	53	0	0	0	99.5	97.5
681	2267	0	0	0	1	0	0	314	20	1	0	0	37	32
681	2268	0	0	0	1	1	1	1892	103	1	0	0	22	22
681	2269	0	0	1	1	1	1	1663	103	1	0	0	22	22
681	2270	0	1	0	1	0	0	1017	57	1	0	0	37	32
681	2271	0	1	1	1	0	0	1691	80	1	0	0	42	37
681	2272	0	0	1	1	1	1	299	25	1	0	0	5	5
681	2273	0	0	0	1	0	0	168	11	1	0	0	62	57
681	2274	0	0	0	1	0	0	295	17	1	0	0	62	62
681	2275	0	0	0	1	0	0	280	14	1	0	0	37	32
681	2276	1	0	0	1	0	0	415	20	1	0	0	57	52
681	2277	0	0	0	1	0	0	415	20	1	0	0	62	62
681	2278	0	0	0	1	0	0	582	27	1	0	0	29	19
681	2279	0	0	0	1	1	0	654	40	1	0	0	31	29
681	2280	0	0	0	1	0	0	72	13	1	0	0	10	10
681	2281	0	0	0	1	0	0	67	7	1	0	0	24.5	24.5
681	2282	0	0	0	1	0	0	203	12	1	0	0	.	.
681	2283	0	0	0	1	0	0	41	0	1	0	0	10	10
681	2287	0	0	0	0	0	0	339	16	1	0	0	42	47
681	2288	0	0	0	1	0	0	384	20	1	0	0	37	32
681	2289	0	0	0	0	0	0	245	4	0	0	0	32	22
681	2290	0	0	0	1	0	0	946	45	1	0	0	26	26
681	2291	0	0	0	1	0	0	452	28	1	0	0	28	17
682	2292	0	0	0	1	1	0	356	17	1	0	0	.	.
682	2293	0	0	1	1	1	0	814	36	1	0	0	27	22
682	2294	0	0	1	1	1	0	721	34	1	0	0	33	28
683	2295	0	0	0	0	1	0	722	39	1	0	0	63	65
683	2296	0	0	0	0	1	0	814	48	1	0	0	66	73
683	2297	0	0	0	0	1	0	643	0	1	0	0	67	66
683	2298	0	0	0	0	1	0	647	0	1	0	0	78	83
683	2299	0	0	0	1	1	0	451	0	1	0	0	73	75
683	2300	0	0	0	0	1	0	105	2	0	0	0	57	37
683	2301	0	0	0	0	1	0	559	35	1	0	0	66	70
683	2302	0	0	0	0	1	0	737	41	1	0	0	63	71
683	2303	0	0	0	1	1	0	1879	113	1	0	0	64	67
683	2305	0	0	0	0	1	0	477	25	1	0	0	64	68
683	2306	0	0	0	1	1	0	707	44	1	0	0	77	84.5
683	2307	0	0	0	0	1	0	697	41	1	0	0	81	84
683	2308	0	0	0	0	1	0	692	35	1	0	0	77	84
683	2309	0	0	0	0	1	0	635	35	1	0	0	59	63
683	2310	0	0	0	0	1	0	645	38	1	0	0	72	71
683	2311	0	0	0	1	1	0	109	7	1	0	0	15	24.5
683	2312	0	0	0	0	1	0	150	2	0	0	0	64	65
683	2313	0	0	0	1	1	0	782	45	1	0	0	49.5	49.5
683	2314	0	0	0	0	1	0	606	24	1	0	0	79	85
683	2315	0	0	0	0	1	0	365	20	1	0	0	77	77
684	2316	0	0	0	0	0	0	98	5	0	0	0	15	5
685	2317	0	0	0	1	1	0	111	13	1	0	0	.	.
686	2318	0	0	0	0	0	0	608	32	1	0	1	66	67
686	2319	0	0	1	0	0	0	868	45	1	1	1	60	58
686	2320	0	0	0	0	0	0	748	41	1	1	1	24	21
686	2321	0	0	1	0	0	0	570	39	1	1	1	34	36
686	2322	0	0	0	0	0	0	506	41	1	1	1	33	24
686	2323	0	0	1	0	0	0	542	35	1	1	1	44	43
686	2324	0	0	1	0	0	0	728	50	1	1	1	31	33
686	2325	0	0	1	0	0	0	672	40	1	1	1	34	31
686	2326	0	0	0	0	0	0	402	34	1	1	1	37	27
686	2327	0	0	1	0	0	0	499	32	1	1	1	44	48
686	2328	0	0	0	0	0	0	533	29	1	1	1	40	45
686	2329	0	0	0	0	0	0	970	49	1	0	1	72	66
686	2330	0	0	1	0	0	0	713	49	1	1	1	39	40
686	2331	0	0	1	0	0	0	827	50	1	1	1	23	25
686	2332	0	0	0	0	0	0	666	42	1	1	1	39	34
686	2333	0	1	1	0	0	0	1389	89	1	1	1	20	17
686	2334	0	0	0	0	0	0	724	40	1	1	1	32	31
686	2335	0	0	1	0	0	0	970	49	1	.	.	26	20
686	2336	0	0	0	0	0	0	969	58	1	1	1	24	26
686	2337	0	0	0	0	0	0	539	32	1	1	1	33	28
686	2338	0	1	1	0	0	0	786	39	1	1	1	38	37
686	2339	0	0	1	0	0	0	695	45	1	1	1	23	28
686	2340	0	0	1	0	0	0	571	37	1	1	1	49	48
686	2341	0	0	1	0	0	0	909	53	1	1	1	25	25
686	2342	0	0	0	0	0	0	641	36	1	1	1	42	42
686	2343	0	0	0	0	0	0	754	45	1	1	1	24	28
686	2344	0	0	0	0	0	0	593	36	1	1	1	39	33
686	2345	0	0	0	0	0	0	463	33	1	1	1	48	43
686	2346	0	0	0	0	0	0	899	54	1	1	1	28	30
686	2347	0	0	0	0	0	0	576	35	1	1	1	36	40
686	2348	0	0	0	0	0	0	537	45	1	1	1	41	44
686	2349	0	0	1	0	0	0	748	40	1	1	1	38	40
687	2350	0	0	0	0	0	0	215	9	1	0	0	27	17
688	2351	0	0	0	0	0	0	92	4	1	0	0	22	22
689	2352	0	0	0	1	0	0	518	23	1	0	0	15	5
689	2353	0	0	0	0	0	0	487	30	1	0	0	18	19
689	2354	0	0	0	1	0	0	404	19	1	0	0	7	8
689	2355	0	0	0	0	1	0	284	18	1	0	0	22	37
689	2356	0	0	0	0	0	0	516	31	1	0	0	14	27
690	2357	0	1	1	1	0	0	248	8	1	1	1	26	30
690	2358	0	1	1	1	0	0	550	25	1	1	1	47	47
690	2359	0	0	0	1	0	0	367	22	1	1	1	47	52
690	2360	0	0	0	1	0	0	227	9	1	.	1	52	52
690	2361	0	0	0	0	0	0	51	2	0	0	1	24.5	24.5
691	2362	0	0	0	1	0	0	392	28	1	1	1	37	47
691	2363	0	0	0	1	1	1	363	25	1	1	1	47	57
691	2364	0	0	0	1	0	1	316	22	1	1	1	36	37
692	2365	0	1	1	1	0	1	245	13	1	1	1	49.5	49.5
692	2366	0	1	1	0	1	0	453	23	1	1	1	39	34
693	2367	0	1	0	1	0	0	610	33	1	1	1	28	29
693	2368	0	0	0	1	0	0	465	33	1	1	1	22	27
694	2369	0	0	0	0	1	0	28	5	0	0	0	.	.
694	2370	0	0	0	1	1	0	399	22	1	0	0	23	20
694	2371	0	0	0	1	0	0	352	18	1	0	0	12	13
694	2372	0	0	0	1	0	0	586	43	1	0	0	22	17
694	2373	0	0	0	1	1	0	429	32	1	0	0	42	47
694	2374	0	0	0	1	0	0	145	13	1	0	0	32	22
695	2375	0	0	0	1	0	0	443	23	1	0	0	41	55
695	2376	0	1	1	1	0	0	309	19	1	0	0	.	.
695	2377	0	1	1	1	0	0	304	17	1	0	0	29	34
695	2378	0	0	0	1	0	1	602	37	1	0	0	32	32
695	2379	0	0	1	1	0	0	332	20	1	0	0	24	31
696	2380	0	0	0	1	1	0	46	4	1	1	1	24.5	24.5
697	2381	0	0	0	0	0	0	28	2	1	1	1	30	30
697	2382	0	0	0	0	0	0	13	2	1	1	1	.	.
698	2383	0	0	0	0	0	0	30	2	1	0	0	49.5	49.5
699	2384	0	0	0	0	0	0	345	16	1	1	1	47	62
699	2385	0	0	0	1	0	0	528	26	1	1	1	42	52
699	2386	0	0	0	0	0	0	426	22	1	1	1	27	32
699	2387	0	0	0	1	0	1	414	18	1	1	1	14	11
699	2388	0	0	0	1	0	1	470	24	1	1	1	28	23
699	2389	0	0	0	1	0	0	626	30	1	1	1	45	48
699	2390	0	0	0	0	0	0	80	4	0	1	1	64.5	44.5
699	2392	0	0	1	1	0	0	446	22	1	1	1	44	50
699	2393	0	0	0	1	0	0	550	27	1	1	1	41	42
699	2394	0	0	0	1	0	0	299	15	1	1	1	27	27
699	2395	0	0	0	1	0	1	672	31	1	1	1	27	27
699	2396	0	0	0	1	0	0	265	13	1	1	1	27	37
699	2397	0	0	0	0	0	0	758	31	1	1	1	48	44
699	2398	0	0	0	1	0	0	725	34	1	1	1	52	50
699	2399	0	1	1	1	0	1	878	38	1	1	1	34	28
699	2400	0	0	0	1	0	1	404	20	1	1	1	41	36
699	2401	0	0	0	1	0	0	533	25	1	1	1	48	47
699	2402	0	0	0	0	0	0	5	0	0	.	.	24.5	24.5
700	2403	1	0	0	1	0	0	132	11	1	1	1	2.5	2.5
700	2404	0	0	0	1	1	1	2273	85	1	1	1	27	17
700	2405	1	1	1	1	0	1	1116	42	1	1	1	22	22
700	2406	0	0	1	1	0	1	2488	96	1	1	1	37	47
700	2407	0	0	0	1	1	1	1863	71	1	1	1	42	37
700	2408	1	0	0	1	1	1	3074	97	1	1	1	17	17
702	2465	0	0	0	1	0	0	435	29	1	0	1	37	27
702	2466	0	0	0	1	0	0	193	11	1	.	1	.	.
702	2467	0	0	0	1	0	0	299	19	1	1	1	27	22
702	2469	0	0	0	0	0	0	28	0	0	0	1	24.5	.
703	2470	0	1	1	1	1	1	154	.	1	0	0	24.5	24.5
.	.	.	.	.	0	0	0	.	.	.	.	.	.	.
.	.	.	.	.	1	0	0	.	.	.	.	.	.	.
57	103	.	.	.	1	0	0	93	.	0	0	0	10	10
57	108	.	.	.	1	0	0	155	.	0	0	0	5	5
57	109	.	.	.	1	0	0	433	.	0	0	0	7.5	2.5
57	104	.	.	.	1	0	0	199	.	0	0	0	15	7.5
57	107	.	.	.	1	0	0	183	.	0	0	0	5	15
57	105	.	.	.	1	0	0	267	.	0	0	0	17	17
57	106	.	.	.	1	0	0	76	.	0	0	0	24.5	24.5
.	.	.	.	.	0	0	0	.	.	.	.	.	.	.
.	.	.	.	.	1	0	0	.	.	.	.	.	.	.
.	.	.	.	.	0	0	0	.	.	.	.	.	.	.
.	.	.	.	.	1	0	0	.	.	.	.	.	.	.
.	.	.	.	.	1	0	0	.	.	.	.	.	.	.
.	.	.	.	.	1	0	1	.	.	.	.	.	.	.
.	.	.	.	.	0	0	0	.	.	.	.	.	.	.
.	.	.	.	.	0	0	0	.	.	.	.	.	.	.
.	.	.	.	.	0	0	0	.	.	.	.	.	.	.
.	.	.	.	.	0	0	0	.	.	.	.	.	.	.
.	.	.	.	.	0	0	0	.	.	.	.	.	.	.
.	.	.	.	.	0	0	0	.	.	.	.	.	.	.
.	.	.	.	.	0	0	0	.	.	.	.	.	.	.
.	.	.	.	.	0	0	0	.	.	.	.	.	.	.
.	.	.	.	.	0	0	0	.	.	.	.	.	.	.
.	.	.	.	.	0	0	0	.	.	.	.	.	.	.
.	.	.	.	.	0	0	0	.	.	.	.	.	.	.
.	.	.	.	.	0	0	0	.	.	.	.	.	.	.
1	3	.	.	.	.	.	.	.	.	.	.	.	.	.
9	25	.	.	.	.	.	.	.	.	.	.	.	.	.
9	26	.	.	.	.	.	.	.	.	.	.	.	.	.
24	51	.	.	.	.	.	.	.	.	.	.	.	.	.
44	89	.	.	.	.	.	.	.	.	.	.	.	.	.
44	90	.	.	.	.	.	.	.	.	.	.	.	.	.
58	110	.	.	.	.	.	.	.	.	.	.	.	.	.
59	111	.	.	.	.	.	.	.	.	.	.	.	.	.
62	117	.	.	.	.	.	.	0	.	0	0	0	.	.
65	123	.	.	.	.	.	.	0	.	0	0	1	.	.
68	132	.	.	.	.	.	.	12	.	0	0	0	.	.
68	133	.	.	.	.	.	.	22	.	0	0	0	.	.
68	134	.	.	.	.	.	.	51	.	0	0	0	.	.
68	135	.	.	.	.	.	.	9	.	0	0	0	.	.
68	136	.	.	.	.	.	.	1	.	0	0	0	.	.
68	137	.	.	.	.	.	.	.	.	0	0	0	.	.
68	138	.	.	.	.	.	.	24	.	0	0	0	.	.
68	139	.	.	.	.	.	.	.	.	0	0	0	.	.
68	140	.	.	.	.	.	.	18	.	0	0	0	.	.
68	141	.	.	.	.	.	.	2	.	0	0	0	.	.
68	142	.	.	.	.	.	.	.	.	0	0	0	.	.
68	143	.	.	.	.	.	.	.	.	0	0	0	.	.
68	144	.	.	.	.	.	.	.	.	0	0	0	.	.
72	148	.	.	.	.	.	.	.	.	.	.	.	.	.
74	151	.	.	.	.	.	.	83	.	1	1	1	.	.
78	159	.	.	.	.	.	.	154	.	1	0	0	.	.
78	160	.	.	.	.	.	.	33	.	0	0	0	.	.
104	196	.	.	.	.	.	.	29	.	0	0	0	.	.
105	197	.	.	.	.	.	.	0	.	0	0	0	54.5	64.5
105	198	.	.	.	.	.	.	0	.	0	0	0	52	47
105	199	.	.	.	.	.	.	0	.	0	0	0	37	42
105	200	.	.	.	.	.	.	0	.	0	0	0	54.5	44.5
105	201	.	.	.	.	.	.	0	.	0	0	0	69.5	69.5
105	202	.	.	.	.	.	.	16	0	0	0	0	.	.
105	203	.	.	.	.	.	.	0	.	0	0	0	49.5	49.5
105	204	.	.	.	.	.	.	0	.	0	0	0	32	37
105	205	.	.	.	.	.	.	0	.	0	0	0	75	24.5
105	206	.	.	.	.	.	.	0	.	0	0	0	27	22
105	207	.	.	.	.	.	.	0	.	0	0	0	17	12
105	208	.	.	.	.	.	.	0	.	0	0	0	47	52
110	218	.	.	.	.	.	.	77	.	0	0	0	.	.
148	270	.	.	.	.	.	.	922	.	0	0	0	11	18
148	271	.	.	.	.	.	.	131	.	0	0	0	15	34.5
162	297	.	.	.	.	.	.	.	.	.	.	.	.	.
163	298	.	.	.	.	.	.	.	.	.	.	.	.	.
164	299	.	.	.	.	.	.	.	.	.	.	.	.	.
165	301	.	.	.	.	.	.	.	.	.	.	.	.	.
169	312	.	.	.	.	.	.	0	.	0	0	0	24.5	24.5
169	313	.	.	.	.	.	.	0	.	0	0	0	10	10
169	314	.	.	.	.	.	.	0	.	0	0	0	24.5	24.5
169	315	.	.	.	.	.	.	0	.	0	0	0	5	15
169	316	.	.	.	.	.	.	0	.	0	0	0	15	15
169	317	.	.	.	.	.	.	10	0	0	0	0	34.5	24.5
169	318	.	.	.	.	.	.	0	.	0	0	0	.	.
173	323	.	.	.	.	.	.	40	.	0	0	0	.	.
184	337	.	.	.	.	.	.	0	.	0	0	0	37	47
184	338	.	.	.	.	.	.	0	.	0	0	0	32	17
184	339	.	.	.	.	.	.	0	.	0	0	0	34.5	44.5
184	340	.	.	.	.	.	.	4	0	0	0	0	69.5	49.5
184	341	.	.	.	.	.	.	0	.	0	0	0	.	.
184	342	.	.	.	.	.	.	0	.	0	0	0	.	.
187	347	.	.	.	.	.	.	0	.	0	0	0	47	57
187	348	.	.	.	.	.	.	0	.	0	0	0	49.5	49.5
187	349	.	.	.	.	.	.	0	.	0	0	0	75	75
187	350	.	.	.	.	.	.	0	.	0	0	0	24.5	24.5
187	351	.	.	.	.	.	.	0	.	0	0	0	44.5	44.5
187	352	.	.	.	.	.	.	0	.	0	0	0	64.5	74.5
187	353	.	.	.	.	.	.	0	.	0	0	0	.	.
187	354	.	.	.	.	.	.	0	.	0	0	0	38	31
187	355	.	.	.	.	.	.	1	0	0	0	0	54.5	54.5
187	356	.	.	.	.	.	.	0	.	0	0	0	24.5	24.5
187	357	.	.	.	.	.	.	0	.	0	0	0	48	31
188	359	.	.	.	.	.	.	0	.	0	0	0	24.5	24.5
188	360	.	.	.	.	.	.	0	.	0	0	0	37	32
188	361	.	.	.	.	.	.	0	.	0	0	0	.	.
188	362	.	.	.	.	.	.	0	.	0	0	0	54.5	54.5
188	363	.	.	.	.	.	.	0	.	0	0	0	32	42
188	364	.	.	.	.	.	.	0	.	0	0	0	33	47
188	365	.	.	.	.	.	.	3	0	0	0	0	75	.
188	366	.	.	.	.	.	.	0	0	0	0	0	.	.
188	367	.	.	.	.	.	.	0	.	0	0	0	.	.
188	368	.	.	.	.	.	.	0	.	0	0	0	.	.
188	369	.	.	.	.	.	.	2	0	0	0	0	24.5	24.5
188	370	.	.	.	.	.	.	0	.	0	0	0	.	.
189	371	.	.	.	.	.	.	16	10	0	0	0	32	27
189	372	.	.	.	.	.	.	0	.	0	0	0	24.5	34.5
189	373	.	.	.	.	.	.	0	.	0	0	0	38	39
189	374	.	.	.	.	.	.	0	.	0	0	0	34.5	34.5
189	375	.	.	.	.	.	.	0	.	0	0	0	12	12
189	376	.	.	.	.	.	.	0	.	0	0	0	42	42
189	377	.	.	.	.	.	.	.	.	.	.	.	.	.
189	378	.	.	.	.	.	.	0	.	0	0	0	54.5	34.5
189	379	.	.	.	.	.	.	0	.	0	0	0	34.5	34.5
189	380	.	.	.	.	.	.	0	.	0	0	0	47	52
190	381	.	.	.	.	.	.	22	1	0	0	0	67	62
190	382	.	.	.	.	.	.	0	.	0	0	0	42	52
190	383	.	.	.	.	.	.	0	.	0	0	0	34.5	24.5
190	384	.	.	.	.	.	.	0	.	0	0	0	10	30
190	385	.	.	.	.	.	.	0	.	0	0	0	44.5	44.5
190	386	.	.	.	.	.	.	0	.	0	0	0	49.5	30
190	387	.	.	.	.	.	.	0	.	0	0	0	30	24.5
190	388	.	.	.	.	.	.	0	.	0	0	0	.	.
190	389	.	.	.	.	.	.	0	.	0	0	0	49.5	49.5
213	420	.	.	.	.	.	.	178	.	0	1	1	.	.
220	427	.	.	.	.	.	.	543	.	1	0	0	37	36
239	453	.	.	.	.	.	.	93	.	1	1	1	.	.
239	454	.	.	.	.	.	.	.	.	.	.	.	.	.
260	481	.	.	.	.	.	.	0	.	0	.	.	.	.
261	482	.	.	.	.	.	.	17	.	0	0	0	.	.
262	483	.	.	.	.	.	.	0	.	0	0	0	.	.
263	484	.	.	.	.	.	.	.	.	1	0	0	.	.
264	485	.	.	.	.	.	.	0	.	1	0	0	.	.
265	486	.	.	.	.	.	.	1	.	0	0	0	.	.
267	488	.	.	.	.	.	.	12	.	1	0	0	.	.
268	489	.	.	.	.	.	.	0	.	1	0	0	.	.
269	490	.	.	.	.	.	.	8	.	0	0	0	.	.
270	492	.	.	.	.	.	.	16	.	0	.	.	24.5	24.5
270	493	.	.	.	.	.	.	80	.	0	.	.	24.5	24.5
270	495	.	.	.	.	.	.	151	.	0	.	.	17	17
270	497	.	.	.	.	.	.	47	.	0	.	.	30	30
270	498	.	.	.	.	.	.	62	.	0	.	.	30	10
270	499	.	.	.	.	.	.	9	.	0	0	1	.	.
270	500	.	.	.	.	.	.	22	.	0	0	1	.	.
270	501	.	.	.	.	.	.	0	.	0	0	1	.	.
270	502	.	.	.	.	.	.	11	.	0	0	1	.	.
275	524	.	.	.	.	.	.	551	.	1	0	0	.	.
277	527	.	.	.	.	.	.	0	.	0	0	0	17	37
277	528	.	.	.	.	.	.	0	.	0	0	0	24.5	34.5
277	529	.	.	.	.	.	.	0	.	0	0	0	15	15
277	530	.	.	.	.	.	.	0	.	0	0	0	17	32
277	531	.	.	.	.	.	.	0	.	0	0	0	12	22
277	532	.	.	.	.	.	.	0	.	0	0	0	30	30
277	533	.	.	.	.	.	.	0	.	0	0	0	32	17
277	534	.	.	.	.	.	.	0	.	0	0	0	15	15
277	535	.	.	.	.	.	.	0	.	0	0	0	.	.
277	536	.	.	.	.	.	.	60	3	0	0	0	34.5	24.5
278	537	.	.	.	.	.	.	128	.	1	0	0	47	32
278	538	.	.	.	.	.	.	.	.	.	.	.	.	.
278	539	.	.	.	.	.	.	59	.	1	0	0	.	.
280	541	.	.	.	.	.	.	0	.	0	0	0	52	72
280	542	.	.	.	.	.	.	0	.	0	0	0	52	72
280	543	.	.	.	.	.	.	0	.	0	0	0	57	77
280	544	.	.	.	.	.	.	0	.	0	0	0	57	57
280	545	.	.	.	.	.	.	0	.	0	0	0	47	62
280	546	.	.	.	.	.	.	0	.	0	0	0	47	72
280	547	.	.	.	.	.	.	0	.	0	0	0	54.5	64.5
280	548	.	.	.	.	.	.	0	.	0	0	0	42	57
280	549	.	.	.	.	.	.	0	.	0	0	0	47	62
280	550	.	.	.	.	.	.	0	.	0	0	0	57	72
280	551	.	.	.	.	.	.	0	.	0	0	0	67	77
280	552	.	.	.	.	.	.	0	.	0	0	0	62	72
280	553	.	.	.	.	.	.	0	.	0	0	0	55	58
280	554	.	.	.	.	.	.	0	.	0	0	0	62	67
280	555	.	.	.	.	.	.	0	.	0	0	0	42	57
280	556	.	.	.	.	.	.	0	.	0	0	0	47	62
280	557	.	.	.	.	.	.	0	.	0	0	0	51	68
280	558	.	.	.	.	.	.	0	.	0	0	0	69	76
280	559	.	.	.	.	.	.	0	.	0	0	0	37	52
280	560	.	.	.	.	.	.	0	.	0	0	0	47	67
280	561	.	.	.	.	.	.	0	.	0	0	0	67	77
280	562	.	.	.	.	.	.	0	.	0	0	0	57	62
280	563	.	.	.	.	.	.	0	.	0	0	0	24.5	34.5
280	564	.	.	.	.	.	.	13	10	0	0	0	.	.
280	565	.	.	.	.	.	.	0	.	0	0	0	67	62
280	566	.	.	.	.	.	.	0	.	0	0	0	42	52
280	567	.	.	.	.	.	.	0	.	0	0	0	62	79
280	568	.	.	.	.	.	.	0	.	0	0	0	66	68
280	569	.	.	.	.	.	.	0	.	0	0	0	52	58
280	570	.	.	.	.	.	.	0	.	0	0	0	49.5	69.5
280	571	.	.	.	.	.	.	0	.	0	0	0	50	55
280	572	.	.	.	.	.	.	0	.	0	0	0	37	37
280	573	.	.	.	.	.	.	.	.	.	.	.	.	.
280	574	.	.	.	.	.	.	0	.	0	0	0	32	57
280	575	.	.	.	.	.	.	.	.	.	.	.	.	.
280	576	.	.	.	.	.	.	.	.	.	.	.	.	.
280	577	.	.	.	.	.	.	0	.	0	0	0	59	65
280	578	.	.	.	.	.	.	0	.	0	0	0	54	67
280	579	.	.	.	.	.	.	0	.	0	0	0	37	52
280	580	.	.	.	.	.	.	0	.	0	0	0	47	57
280	581	.	.	.	.	.	.	0	.	0	0	0	56	54
280	582	.	.	.	.	.	.	0	.	0	0	0	36	49
280	583	.	.	.	.	.	.	0	.	0	0	0	32	47
280	584	.	.	.	.	.	.	0	.	0	0	0	32	37
280	585	.	.	.	.	.	.	0	.	0	0	0	22	30
280	586	.	.	.	.	.	.	0	.	0	0	0	37	32
280	587	.	.	.	.	.	.	0	.	0	0	0	32	32
280	588	.	.	.	.	.	.	0	.	0	0	0	37	43
280	589	.	.	.	.	.	.	5	4	0	0	0	.	.
280	590	.	.	.	.	.	.	3	9	0	0	0	.	.
280	591	.	.	.	.	.	.	16	13	0	0	0	75	75
280	592	.	.	.	.	.	.	5	8	0	0	0	90	69.5
288	604	.	.	.	.	.	.	.	.	.	.	.	.	.
291	608	.	.	.	.	.	.	53	.	0	0	0	.	.
293	615	.	.	.	.	.	.	.	.	.	.	.	.	.
295	619	.	.	.	.	.	.	0	.	0	0	1	.	.
301	647	.	.	.	.	.	.	.	.	.	.	.	.	.
308	659	.	.	.	.	.	.	.	.	.	.	.	.	.
308	660	.	.	.	.	.	.	0	.	0	0	0	.	.
309	661	.	.	.	.	.	.	0	.	0	0	0	24.5	24.5
309	662	.	.	.	.	.	.	0	.	0	0	0	47	57
309	663	.	.	.	.	.	.	0	.	0	0	0	37	37
309	664	.	.	.	.	.	.	0	.	0	0	0	14	24
309	665	.	.	.	.	.	.	0	.	0	0	0	.	.
309	666	.	.	.	.	.	.	0	.	0	0	0	35	40
309	667	.	.	.	.	.	.	0	.	0	0	0	69.5	69.5
309	668	.	.	.	.	.	.	0	.	0	0	0	49.5	30
309	669	.	.	.	.	.	.	0	.	0	0	0	37	32
309	670	.	.	.	.	.	.	0	.	0	0	0	90	90
309	671	.	.	.	.	.	.	0	.	0	0	0	79	85
309	672	.	.	.	.	.	.	0	.	0	0	0	37	42
309	673	.	.	.	.	.	.	0	.	0	0	0	52	47
309	674	.	.	.	.	.	.	0	.	0	0	0	52	62
309	675	.	.	.	.	.	.	0	.	0	0	0	32	27
309	676	.	.	.	.	.	.	0	.	0	0	0	24	21
309	677	.	.	.	.	.	.	0	.	0	0	0	54.5	84.5
309	678	.	.	.	.	.	.	0	.	0	0	0	34.5	24.5
309	679	.	.	.	.	.	.	0	.	0	0	0	42	42
309	680	.	.	.	.	.	.	26	0	0	0	0	54.5	44.5
309	681	.	.	.	.	.	.	0	.	0	0	0	28	30
309	682	.	.	.	.	.	.	0	.	0	0	0	77	87
309	683	.	.	.	.	.	.	0	.	0	0	0	22	27
309	684	.	.	.	.	.	.	0	.	0	0	0	10	10
309	685	.	.	.	.	.	.	0	.	0	0	0	47	42
309	686	.	.	.	.	.	.	0	.	0	0	0	57	57
309	687	.	.	.	.	.	.	0	.	0	0	0	32	40
309	688	.	.	.	.	.	.	0	.	0	0	0	.	.
309	689	.	.	.	.	.	.	0	.	0	0	0	52	67
309	690	.	.	.	.	.	.	0	.	0	0	0	.	.
309	691	.	.	.	.	.	.	0	.	0	0	0	.	.
309	692	.	.	.	.	.	.	0	.	0	0	0	.	.
309	693	.	.	.	.	.	.	0	.	0	0	0	.	.
309	694	.	.	.	.	.	.	2	0	0	0	0	30	49.5
309	695	.	.	.	.	.	.	2	0	0	0	0	52	52
309	696	.	.	.	.	.	.	0	.	0	0	0	.	.
309	697	.	.	.	.	.	.	4	0	0	0	0	24.5	24.5
309	698	.	.	.	.	.	.	0	.	0	0	0	33	29
309	699	.	.	.	.	.	.	27	0	0	0	0	42	42
309	700	.	.	.	.	.	.	1	0	0	0	0	74.5	84.5
309	701	.	.	.	.	.	.	4	0	0	0	0	24.5	24.5
309	702	.	.	.	.	.	.	6	0	0	0	0	30	10
309	703	.	.	.	.	.	.	0	.	0	0	0	.	.
309	704	.	.	.	.	.	.	0	.	0	0	0	42	42
309	705	.	.	.	.	.	.	0	.	0	0	0	24.5	24.5
309	706	.	.	.	.	.	.	0	.	0	0	0	.	.
309	707	.	.	.	.	.	.	0	.	0	0	0	62	68
309	708	.	.	.	.	.	.	2	0	0	0	0	24.5	24.5
309	709	.	.	.	.	.	.	0	.	0	0	0	24.5	24.5
309	710	.	.	.	.	.	.	9	0	0	0	0	75	75
309	711	.	.	.	.	.	.	0	.	0	0	0	.	.
309	712	.	.	.	.	.	.	0	.	0	0	0	51	56
309	713	.	.	.	.	.	.	6	0	0	0	0	24.5	24.5
310	714	.	.	.	.	.	.	.	.	.	.	.	.	.
317	722	.	.	.	.	.	.	.	.	.	.	.	.	.
318	723	.	.	.	.	.	.	0	.	0	0	0	.	.
321	726	.	.	.	.	.	.	0	.	0	0	0	.	.
323	728	.	.	.	.	.	.	0	.	0	0	0	.	.
328	733	.	.	.	.	.	.	0	.	0	0	0	37	37
328	734	.	.	.	.	.	.	0	.	0	0	0	75	75
328	735	.	.	.	.	.	.	0	.	0	0	0	30	30
328	736	.	.	.	.	.	.	0	.	0	0	0	47	52
328	737	.	.	.	.	.	.	0	.	0	0	0	.	.
328	738	.	.	.	.	.	.	0	.	0	0	0	30	30
328	739	.	.	.	.	.	.	0	.	0	0	0	54.5	54.5
328	740	.	.	.	.	.	.	64	3	0	0	0	34.5	34.5
333	747	.	.	.	.	.	.	1	.	0	0	0	.	.
335	749	.	.	.	.	.	.	0	.	0	0	0	.	.
340	754	.	.	.	.	.	.	0	.	0	0	0	.	.
346	762	.	.	.	.	.	.	0	.	0	0	0	.	.
346	766	.	.	.	.	.	.	.	.	.	.	.	.	.
347	768	.	.	.	.	.	.	206	.	1	0	0	.	.
350	771	.	.	.	.	.	.	0	.	0	0	0	37	27
350	772	.	.	.	.	.	.	0	.	0	0	0	12	27
350	773	.	.	.	.	.	.	0	.	0	0	0	50	53
350	774	.	.	.	.	.	.	0	.	0	0	0	37	22
350	775	.	.	.	.	.	.	0	.	0	0	0	22	22
350	776	.	.	.	.	.	.	13	0	0	0	0	54.5	54.5
350	777	.	.	.	.	.	.	4	0	0	0	0	.	.
350	778	.	.	.	.	.	.	0	.	0	0	0	.	.
350	779	.	.	.	.	.	.	39	2	0	0	0	24.5	24.5
390	827	.	.	.	.	.	.	.	.	.	.	.	.	.
415	852	.	.	.	.	.	.	40	.	0	0	0	.	.
424	862	.	.	.	.	.	.	86	.	0	0	0	.	.
446	886	.	.	.	.	.	.	.	.	.	.	.	.	.
455	898	.	.	.	.	.	.	143	.	1	0	0	.	.
458	901	.	.	.	.	.	.	0	.	0	0	0	.	.
458	902	.	.	.	.	.	.	0	.	0	0	0	24	41
458	903	.	.	.	.	.	.	0	.	0	0	0	24.5	24.5
458	904	.	.	.	.	.	.	.	.	0	0	0	17	17
458	905	.	.	.	.	.	.	0	.	0	0	0	26	20
458	906	.	.	.	.	.	.	0	.	0	0	0	23	17
458	907	.	.	.	.	.	.	0	.	0	0	0	39	29
458	908	.	.	.	.	.	.	4	0	0	0	0	24.5	24.5
458	909	.	.	.	.	.	.	0	.	0	0	0	.	.
458	910	.	.	.	.	.	.	2	0	0	0	0	49.5	49.5
461	913	.	.	.	.	.	.	112	.	1	1	1	.	.
468	920	.	.	.	.	.	.	.	.	.	.	.	.	.
469	921	.	.	.	.	.	.	.	.	.	.	.	.	.
472	924	.	.	.	.	.	.	.	.	.	.	.	.	.
498	963	.	.	.	.	.	.	.	.	.	.	.	61	52
503	968	.	.	.	.	.	.	0	.	0	0	0	82	86
517	990	.	.	.	.	.	.	.	.	.	.	.	.	.
523	1006	.	.	.	.	.	.	0	.	0	0	0	.	.
524	1015	.	.	.	.	.	.	0	.	0	.	.	.	.
524	1016	.	.	.	.	.	.	12	0	0	.	.	.	.
528	1045	.	.	.	.	.	.	.	.	.	.	.	.	.
528	1046	.	.	.	.	.	.	.	.	.	.	.	.	.
530	1066	.	.	.	.	.	.	.	.	.	.	.	.	.
532	1077	.	.	.	.	.	.	0	.	0	0	1	.	.
532	1078	.	.	.	.	.	.	.	.	.	.	.	.	.
533	1099	.	.	.	.	.	.	.	.	.	.	.	.	.
533	1116	.	.	.	.	.	.	0	16	1	0	0	.	.
534	1130	.	.	.	.	.	.	.	.	.	.	.	.	.
539	1138	.	.	.	.	.	.	.	.	.	.	.	.	.
539	1139	.	.	.	.	.	.	.	.	.	.	.	.	.
540	1148	.	.	.	.	.	.	0	.	0	0	1	.	.
542	1172	.	.	.	.	.	.	0	8	0	0	0	.	.
546	1178	.	.	.	.	.	.	117	0	0	0	1	.	.
546	1187	.	.	.	.	.	.	.	.	.	.	.	.	.
547	1190	.	.	.	.	.	.	.	.	.	.	.	.	.
552	1221	.	.	.	.	.	.	.	.	.	.	.	.	.
552	1225	.	.	.	.	.	.	.	.	.	.	.	.	.
552	1231	.	.	.	.	.	.	.	.	.	.	.	.	.
552	1233	.	.	.	.	.	.	.	.	.	.	.	.	.
552	1238	.	.	.	.	.	.	.	.	.	.	.	.	.
553	1254	.	.	.	.	.	.	0	.	0	0	1	24.5	24.5
553	1255	.	.	.	.	.	.	235	11	1	1	1	2.5	7.5
555	1268	.	.	.	.	.	.	.	.	.	.	.	.	.
555	1271	.	.	.	.	.	.	0	.	0	0	1	.	.
557	1281	.	.	.	.	.	.	.	.	.	.	.	.	.
563	1307	.	.	.	.	.	.	.	.	.	.	.	.	.
563	1344	.	.	.	.	.	.	.	.	.	.	.	.	.
572	1405	.	.	.	.	.	.	.	.	.	.	.	.	.
572	1406	.	.	.	.	.	.	.	.	.	.	.	.	.
572	1407	.	.	.	.	.	.	.	.	.	.	.	.	.
572	1408	.	.	.	.	.	.	.	.	.	.	.	.	.
572	1410	.	.	.	.	.	.	.	.	.	.	.	.	.
572	1411	.	.	.	.	.	.	.	.	.	.	.	.	.
573	1424	.	.	.	.	.	.	0	.	0	.	.	24.5	24.5
582	1491	.	.	.	.	.	.	.	.	.	.	.	.	.
582	1493	.	.	.	.	.	.	0	.	0	.	.	.	.
585	1522	.	.	.	.	.	.	.	.	0	0	0	.	.
585	1523	.	.	.	.	.	.	.	.	0	0	0	.	.
585	1524	.	.	.	.	.	.	.	.	0	0	0	.	.
587	1529	.	.	.	.	.	.	.	.	.	.	.	.	.
590	1545	.	.	.	.	.	.	.	.	.	.	.	.	.
591	1556	.	.	.	.	.	.	.	.	.	.	.	.	.
591	1566	.	.	.	.	.	.	70	0	0	0	1	75	24.5
592	1579	.	.	.	.	.	.	0	.	0	.	.	.	.
592	1580	.	.	.	.	.	.	0	.	0	.	.	.	.
594	1585	.	.	.	.	.	.	.	.	.	.	.	.	.
597	1592	.	.	.	.	.	.	.	.	.	.	.	.	.
597	1614	.	.	.	.	.	.	.	.	.	.	.	.	.
597	1616	.	.	.	.	.	.	.	.	.	.	.	.	.
597	1629	.	.	.	.	.	.	.	.	.	.	.	.	.
597	1630	.	.	.	.	.	.	.	.	.	.	.	.	.
597	1644	.	.	.	.	.	.	.	.	.	.	.	.	.
597	1646	.	.	.	.	.	.	.	.	.	.	.	.	.
599	1678	.	.	.	.	.	.	.	.	.	.	.	.	.
599	1679	.	.	.	.	.	.	7	0	0	0	1	75	75
610	1710	.	.	.	.	.	.	0	.	0	.	.	.	.
611	1711	.	.	.	.	.	.	0	.	0	0	1	.	.
618	1749	.	.	.	.	.	.	0	.	0	0	1	.	.
618	1763	.	.	.	.	.	.	0	.	0	1	1	.	.
618	1773	.	.	.	.	.	.	0	13	0	0	1	.	.
623	1793	.	.	.	.	.	.	.	.	.	.	.	.	.
625	1798	.	.	.	.	.	.	.	.	.	.	.	.	.
625	1807	.	.	.	.	.	.	0	.	0	0	0	.	.
627	1852	.	.	.	.	.	.	.	.	.	.	.	.	.
627	1866	.	.	.	.	.	.	.	.	.	.	.	.	.
628	1880	.	.	.	.	.	.	.	.	.	.	.	.	.
632	1896	.	.	.	.	.	.	.	.	.	.	.	.	.
634	1902	.	.	.	.	.	.	0	.	0	.	.	.	.
634	1906	.	.	.	.	.	.	0	.	0	.	.	.	.
641	1932	.	.	.	.	.	.	.	.	.	.	.	.	.
653	1993	.	.	.	.	.	.	.	.	.	.	.	.	.
654	1994	.	.	.	.	.	.	.	.	.	.	.	.	.
654	2024	.	.	.	.	.	.	.	.	.	.	.	.	.
654	2025	.	.	.	.	.	.	.	.	.	.	.	.	.
654	2027	.	.	.	.	.	.	0	.	0	0	0	.	.
658	2047	.	.	.	.	.	.	.	.	.	.	.	.	.
662	2092	.	.	.	.	.	.	.	.	.	.	.	.	.
667	2113	.	.	.	.	.	.	.	.	.	.	.	.	.
670	2137	.	.	.	.	.	.	.	.	.	.	.	.	.
670	2151	.	.	.	.	.	.	.	.	.	.	.	.	.
671	2162	.	.	.	.	.	.	0	.	0	0	1	.	.
676	2178	.	.	.	.	.	.	0	.	0	0	1	.	.
677	2182	.	.	.	.	.	.	0	.	0	0	0	.	.
681	2194	.	.	.	.	.	.	.	.	.	.	.	.	.
681	2202	.	.	.	.	.	.	.	.	.	.	.	.	.
681	2215	.	.	.	.	.	.	.	.	.	.	.	.	.
681	2218	.	.	.	.	.	.	.	.	.	.	.	.	.
681	2231	.	.	.	.	.	.	.	.	.	.	.	.	.
681	2234	.	.	.	.	.	.	.	.	.	.	.	.	.
681	2235	.	.	.	.	.	.	.	.	.	.	.	.	.
681	2243	.	.	.	.	.	.	.	.	.	.	.	.	.
681	2251	.	.	.	.	.	.	.	.	.	.	.	.	.
681	2254	.	.	.	.	.	.	.	.	.	.	.	.	.
681	2284	.	.	.	.	.	.	.	.	.	.	.	.	.
681	2285	.	.	.	.	.	.	.	.	.	.	.	.	.
681	2286	.	.	.	.	.	.	.	.	.	.	.	.	.
683	2304	.	.	.	.	.	.	.	.	.	.	.	.	.
699	2391	.	.	.	.	.	.	.	.	.	.	.	.	.
700	2409	.	.	.	.	.	.	10	0	0	0	1	.	.
701	2410	.	.	.	.	.	.	.	.	.	.	.	.	.
701	2411	.	.	.	.	.	.	170	52	0	0	0	39	48
701	2412	.	.	.	.	.	.	0	.	0	0	0	47	53
701	2413	.	.	.	.	.	.	.	.	.	.	.	.	.
701	2414	.	.	.	.	.	.	0	.	0	0	0	.	.
701	2415	.	.	.	.	.	.	0	.	0	0	0	37	37
701	2416	.	.	.	.	.	.	0	.	0	0	0	.	.
701	2417	.	.	.	.	.	.	0	.	0	0	0	77	82
701	2418	.	.	.	.	.	.	0	.	0	0	0	72	86
701	2419	.	.	.	.	.	.	0	.	0	0	0	33	39
701	2420	.	.	.	.	.	.	0	.	0	0	0	24	27
701	2421	.	.	.	.	.	.	0	.	0	0	0	57	62
701	2422	.	.	.	.	.	.	0	.	0	0	0	37	47
701	2423	.	.	.	.	.	.	0	.	0	0	0	70	81
701	2424	.	.	.	.	.	.	0	.	0	0	0	37	57
701	2425	.	.	.	.	.	.	0	.	0	0	0	27	22
701	2426	.	.	.	.	.	.	0	.	0	0	0	49	51
701	2427	.	.	.	.	.	.	0	.	0	0	0	42	42
701	2428	.	.	.	.	.	.	0	.	0	0	0	59	67
701	2429	.	.	.	.	.	.	0	.	0	0	0	38	41
701	2430	.	.	.	.	.	.	0	.	0	0	0	65	76
701	2431	.	.	.	.	.	.	0	.	0	0	0	72	67
701	2432	.	.	.	.	.	.	0	.	0	0	0	24.5	24.5
701	2433	.	.	.	.	.	.	0	.	0	0	0	72	82
701	2434	.	.	.	.	.	.	0	.	0	0	0	67	67
701	2435	.	.	.	.	.	.	0	.	0	0	0	57	72
701	2436	.	.	.	.	.	.	0	.	0	0	0	62	72
701	2437	.	.	.	.	.	.	0	.	0	0	0	.	.
701	2438	.	.	.	.	.	.	0	.	0	0	0	.	.
701	2439	.	.	.	.	.	.	0	.	0	0	0	.	.
701	2440	.	.	.	.	.	.	0	.	0	0	0	61	69
701	2441	.	.	.	.	.	.	0	.	0	0	0	10	10
701	2442	.	.	.	.	.	.	0	.	0	0	0	49	59
701	2443	.	.	.	.	.	.	0	.	0	0	0	56	64
701	2444	.	.	.	.	.	.	0	.	0	0	0	52	57
701	2445	.	.	.	.	.	.	0	.	0	0	0	.	.
701	2446	.	.	.	.	.	.	0	.	0	0	0	72	77
701	2447	.	.	.	.	.	.	0	.	0	0	0	.	.
701	2448	.	.	.	.	.	.	0	.	0	0	0	.	.
701	2449	.	.	.	.	.	.	0	.	0	0	0	.	.
701	2450	.	.	.	.	.	.	0	.	0	0	0	42	57
701	2451	.	.	.	.	.	.	0	.	0	0	0	.	.
701	2452	.	.	.	.	.	.	0	.	0	0	0	.	.
701	2453	.	.	.	.	.	.	0	.	0	0	0	.	.
701	2454	.	.	.	.	.	.	0	.	0	0	0	.	.
701	2455	.	.	.	.	.	.	0	.	0	0	0	.	.
701	2456	.	.	.	.	.	.	0	.	0	0	0	.	.
701	2457	.	.	.	.	.	.	0	.	0	0	0	64	69
701	2458	.	.	.	.	.	.	0	.	0	0	0	61	69
701	2459	.	.	.	.	.	.	71	19	0	0	0	56	61
701	2460	.	.	.	.	.	.	0	.	0	0	0	95	95
701	2461	.	.	.	.	.	.	0	.	0	0	0	.	.
701	2462	.	.	.	.	.	.	2	3	0	0	0	54.5	64.5
701	2463	.	.	.	.	.	.	.	.	0	0	0	.	.
701	2464	.	.	.	.	.	.	1	5	0	0	0	37	27
702	2468	.	.	.	.	.	.	0	.	0	0	1	.	.
703	2471	.	.	.	.	.	.	.	.	.	.	.	.	.
703	2472	.	.	.	.	.	.	.	.	.	.	.	.	.
703	2473	.	.	.	.	.	.	.	.	.	.	.	.	.
105	209	.	.	.	.	.	.	.	.	.	.	.	10	10
105	210	.	.	.	.	.	.	.	.	.	.	.	75	75
105	211	.	.	.	.	.	.	.	.	.	.	.	.	.
184	343	.	.	.	.	.	.	.	.	.	.	.	75	75
187	358	.	.	.	.	.	.	.	.	.	.	.	90	75
273	521	.	.	.	.	.	.	.	.	.	.	.	2.5	2.5
273	522	.	.	.	.	.	.	.	.	.	.	.	17	19
280	593	.	.	.	.	.	.	.	.	.	.	.	.	.
280	594	.	.	.	.	.	.	.	.	.	.	.	49.5	49.5
280	595	.	.	.	.	.	.	.	.	.	.	.	.	.
328	741	.	.	.	.	.	.	.	.	.	.	.	75	24.5
328	742	.	.	.	.	.	.	.	.	.	.	.	.	.
328	743	.	.	.	.	.	.	.	.	.	.	.	49.5	69.5
432	872	.	.	.	.	.	.	.	.	.	.	.	28	32
481	937	.	.	.	.	.	.	.	.	.	.	.	64.5	54.5
481	938	.	.	.	.	.	.	.	.	.	.	.	67	55
495	952	.	.	.	.	.	.	.	.	.	.	.	52	39
508	973	.	.	.	.	.	.	.	.	.	.	.	24.5	24.5
509	974	.	.	.	.	.	.	.	.	.	.	.	75	75
510	975	.	.	.	.	.	.	.	.	.	.	.	57	57
511	976	.	.	.	.	.	.	.	.	.	.	.	92	97.5
512	977	.	.	.	.	.	.	.	.	.	.	.	44.5	24.5
540	1149	.	.	.	.	.	.	.	.	.	.	.	33	22
540	1150	.	.	.	.	.	.	.	.	.	.	.	18	15
561	1300	.	.	.	.	.	.	.	.	.	.	.	24	15
608	1698	.	.	.	.	.	.	.	.	.	.	.	.	.
612	1718	.	.	.	.	.	.	.	.	.	.	.	.	.
628	1886	.	.	.	.	.	.	.	.	.	.	.	30	30
637	1922	.	.	.	.	.	.	.	.	.	.	.	70	76
641	1933	.	.	.	.	.	.	.	.	.	.	.	10	10
648	1982	.	.	.	.	.	.	.	.	.	.	.	49	39
670	2154	.	.	.	.	.	.	.	.	.	.	.	75	24.5
